798625        99774549         BE-39738         9
788134         57182371    ES-31815         10
707266    92275859      BE-39955        7
282358    35852072         BE-39536         7
561622      35347567         BR-15760        5
547395         34571095      AD-53991      3
358019         93231760        EN-77572      7
211001        86988155      EN-77381    3
508029    31712526    EN-53265        1
152386    15290194        BR-15197        2
707266         92275859    PO-11471         10
309299         31284904      ES-31644      2
593758      81539774      EN-53265         6
254358      14956687      AD-53518         4
181777         35852072      EN-77606      9
773053         51808448        EN-77549    8
406983    72330000    BE-39141      4
943088      85395219        BR-15525    1
282358        35852072      PI-15608         9
181472        60543714         BE-39442      9
490105        51642949         EN-77703      8
908458         34697743    AD-53546         3
254358      14956687    BR-15756    5
604991        81647285         EN-77703    5
414904        86836066    BE-39987      8
807876         36471787      BR-15116        10
329964        65912822      AD-90766         5
292701        35606314      BE-39955         5
594895    34697743    BE-39265    5
381603      86297512    AD-53814      9
381370        17299012    AP-73428        5
988242    35606314        BR-15378        8
362232      65278099    AD-53814         2
594895    34697743      SA-55338        7
804501    71422479         BE-39475         3
872028    93961840    BR-15950    1
807876      36471787        BR-15365         2
114303        63230770         BR-15724    9
594895    34697743         BE-39536    9
138781      82583252        BE-39160      10
331362        51642949        BR-15378         2
504011      71422479         EN-77214        4
593758      81539774        BR-15197      7
229797         90367684        AD-53518      5
414009    59596317        BE-39160         10
158069         71422479         BE-39475    7
604991      81647285        BE-39695         7
621974      32538825    BE-39137         4
414904        86836066      BR-15756    2
744073    86836066        PO-11621    8
490445         92275859        BR-15756         7
156439    45914393    BE-39738         7
906990        59561864         AD-53377    7
807876      36471787    BE-39475        10
773053      51808448    BR-15142         1
152386        15290194      BR-15864         7
294538         34697743        BR-15621      7
593758    81539774    BR-15283         2
531671         25062013        BR-15621      5
261051    36471787         BE-39536         7
119991        53420926    BE-39442         9
946451      41964357    AD-53502        8
211001         86988155         EN-77703         3
229797         90367684         ES-31796         10
496123    57182371    BE-39955         6
414009        59596317        PO-11172      4
547395      34571095    EN-77703    9
254358      14956687    AD-53377         8
621974        32538825         AD-53546         2
309299         31284904         BR-15297    8
973050         43704548         PI-15404      2
366421    53420926      BR-15283         5
211001        86988155    BE-39695      6
261051    36471787      BR-15665         5
988242      35606314    BE-39851        6
254358        14956687         BE-39536        6
594895    34697743         BE-39851        3
294538      34697743      BE-39536        8
981884         94683380      AD-53957        7
947313        59561864    BE-39695         9
414904      86836066      EN-77703         9
604991    81647285      BR-15116    9
414904         86836066      EN-77214      1
707266      92275859      EN-53265         10
449715         66039166         BR-15864        1
547395    34571095    PA-11692        9
981884        94683380         BR-15621         10
362232         65278099         PA-11850    7
282358    35852072         PO-11283    2
604991         81647285         BR-15745      3
356862    57182371      PA-11850      8
119991        53420926      PA-11500      3
158211         52313890        EN-77910      1
751666      51642949         BE-39955         9
158069      71422479    BR-15611         10
358019        93231760         PO-11471        8
499778        53420926         BE-39536    5
449715         66039166        ES-31815         2
530416        58643376      BE-39431        5
158069         71422479    BE-39489      10
229797         90367684        PA-11850         4
594895    34697743      EN-77487         1
947313         59561864    AD-53502    7
138781    82583252      EN-77214    1
366421      53420926         PO-11751         10
292701    35606314      AP-73428      5
381603        86297512         BR-15525    2
751666      51642949      AD-53377         1
621974        32538825         AD-53518      10
366421    53420926         BE-39955        4
530416         58643376      BR-15864        2
906990         59561864      BE-39584         9
528967        75100362        BR-15745    10
751666        51642949    PO-11620        5
254358      14956687    BR-15665      4
906990        59561864      AD-53518      10
804501      71422479         BR-15760        1
530416      58643376    BR-15510    5
621974      32538825      BR-15365    5
414904      86836066      BE-39265         7
615768      92980780    EN-53265    10
211001        86988155      BE-39431      5
366421    53420926        PI-15404    2
872028    93961840      BE-39160    8
381370      17299012    BR-15510      5
181777         35852072         BR-15611    5
414009        59596317         EN-77606      10
381370      17299012    EN-90758    1
158069      71422479    EN-77690      1
381603         86297512         EN-53265    10
988319      36934113         EN-77894    7
406406    51873364         PO-11611    10
289957      75100362    BR-15823         5
111663        52313890      AD-53518    1
807876        36471787    BE-39955    2
872028    93961840      PO-11283         8
788134         57182371    BR-15419    4
788134         57182371         BR-15950         10
156439    45914393    EN-77572         4
478986        81539774      PO-11731        5
406983      72330000    BE-39489        1
773053         51808448    EN-77572      5
111663        52313890        PO-11471    6
114303      63230770        EN-77703         5
943088        85395219    BE-39584      7
707266        92275859         BR-15479    3
632169        60543714        BE-39227    9
406406    51873364        BR-15479         8
356862    57182371    EN-77910    9
329964         65912822         BR-15283         10
801974    32538825    EN-77910      1
366421         53420926         BR-15365         9
138781      82583252         EN-77493      4
289957    75100362         EN-77214      4
423765    75100362    AD-53477        5
289957         75100362        AD-53814        4
478986        81539774        BE-39137        3
358019        93231760         BR-15724         4
362232      65278099    BE-39955    9
765579        71422479    AD-53764    10
508029      31712526      AP-73500      2
358019         93231760    PO-11171      5
531671         25062013        PA-11692        3
234730        43704548    PO-11731    1
292701    35606314    AD-53377    9
973050    43704548      PO-11751      9
604991         81647285    PO-11751      10
973050         43704548         BR-15365        10
496123         57182371      AD-53377        10
119991    53420926        PO-11620      8
707266        92275859    AD-53814      9
449715         66039166        BR-15142      3
381603      86297512    PO-11471    10
358019        93231760      AD-53957      4
593758         81539774        PI-15153        10
289957         75100362        EN-77690      9
229797         90367684        BE-39536      3
156439        45914393        EN-73410      5
988242    35606314         EN-77487      10
261051    36471787         BR-15864        6
594895    34697743    BR-15116      7
289957         75100362        BE-39695      2
111663    52313890         SA-55338        4
531671        25062013    BE-39137      3
475132        51465986    BR-15760    1
156439         45914393      PI-15392        5
406983      72330000        BE-39987         1
329964    65912822        BR-15136         8
329964        65912822         AD-53546        7
111663         52313890    BR-15319         7
158069         71422479      BE-39903        7
234730    43704548    BR-15745        7
773053        51808448    BR-15197      2
751666        51642949    BR-15950        8
292701        35606314        BE-39227         6
309299        31284904    BR-15419    7
414009         59596317      EN-77493         4
973050        43704548         BR-15283    9
840493        59199342      PO-11172         3
234730        43704548         EN-53265        1
744073        86836066         BE-39864        2
906990         59561864    EN-77971         10
765579    71422479        BR-15864        1
152386    15290194         ES-31815         8
138781    82583252    PO-11172    4
748120    25062013        EN-77910      7
744073      86836066        EN-90365         4
111663      52313890      BE-39265      2
381603        86297512        BE-39160    1
632169         60543714    BR-15510        4
114303         63230770    BR-15745         3
593758         81539774         AD-53814        2
406406        51873364        EN-77381        2
362232      65278099      PO-11471      9
156439    45914393         BR-15611    3
561622         35347567         BR-15578         7
547395      34571095         EN-77910         7
236975         51873364         BR-15297        7
119991    53420926         BR-15950    5
181472    60543714    AD-53957        2
547395    34571095         ES-31644        5
788134        57182371    BR-15724      1
377454      35852072        EN-77690         4
289957        75100362         EN-53265    9
294538         34697743         EN-77214      3
478986    81539774    AD-53760         7
988242      35606314      BE-39536    2
744073         86836066        EN-73410        7
449715      66039166      EN-53265      1
111663      52313890    BE-39489        1
368734         68269451         BR-15116      6
152386      15290194      AP-73500      1
615768    92980780        AD-53518        7
801974    32538825      BR-15864      10
366421    53420926         PI-15153      2
840493    59199342         BR-15283        1
406983        72330000        EN-77606         10
261051         36471787        BR-15136         8
531671         25062013    BR-15665        9
414009      59596317        BR-15745      2
632169      60543714         EN-90758        1
309299      31284904    BR-15621        3
615768      92980780    BE-39955         7
309299    31284904      AD-53477        6
158069         71422479      BR-15756         3
368734    68269451      PO-11620    4
748120    25062013         BR-15756        6
309299      31284904        EN-53265    3
329964      65912822         PI-15404    10
632169      60543714    AP-73428        5
744073      86836066        BR-15926    6
621974      32538825    BE-39265    7
961419        77324146      AD-53764        9
906990         59561864         BR-15756         7
294538      34697743    BE-39265         4
294538      34697743      PO-11620      9
748120         25062013    AD-53518        3
947313        59561864         BR-15592         2
414009      59596317    BR-15823    8
946451        41964357         BR-15621        4
181777         35852072      PA-11871      7
530416         58643376    BR-15724    10
181472         60543714         BE-39137        7
604991      81647285         BE-39160    5
961419    77324146         AD-90766      4
961419        77324146         EN-90758      1
988242    35606314        BE-39584         1
236975        51873364    AD-53760      8
840493         59199342         BE-39442    5
744073         86836066        AP-73500        3
531671    25062013      AD-53764         4
119991         53420926        BE-39431    6
811186    36934113        BE-39903    3
773053      51808448      ES-31815         8
169344    63640178    EN-77690        8
801974    32538825    BE-39265      2
496123        57182371        AP-73428      1
707266      92275859    BR-15525        2
528967         75100362         EN-77156    10
504011        71422479      PO-11172        9
229797      90367684         BR-15611      1
236975        51873364    ES-31644        6
946451         41964357         EN-53265        3
138781      82583252        BR-15136        8
547395      34571095         EN-77214         4
943088      85395219      PO-11751         1
988242        35606314    BE-39864    7
331362        51642949      BE-39851        8
707266    92275859        AD-53518         7
632169    60543714        BR-15864    2
254358      14956687    BE-39584      1
530416    58643376      PI-15488      3
358019        93231760    BR-15592        2
254358    14956687      EN-77910    8
236975      51873364        BR-15319         3
211001      86988155      BE-39810    9
138781      82583252      AD-53991        3
292701         35606314    EN-90758    5
362232        65278099      PI-15153    10
508029      31712526         BR-15197         4
981884        94683380    AP-73428        6
331362      51642949    SA-55330        9
158069      71422479        BR-15142        7
908458      34697743        EN-77572        8
684365        12484697        AD-53764         3
356862         57182371      PO-11611        8
807876        36471787         BR-15297      8
947313      59561864        BE-39864        4
528967      75100362    BE-39903    3
807876    36471787    EN-77493    9
158069         71422479         BE-39584         3
594895        34697743        SA-55330    6
445200        79133967        PI-15404      6
539094         54815159      PI-15488        2
211001    86988155      AD-53546         9
414904         86836066      EN-77894    6
119991      53420926        BE-39536    5
906990      59561864        BE-39442      7
490445        92275859         BE-39903      10
684365    12484697      EN-77703    8
358019    93231760         BR-15921    2
807876         36471787    BE-39810         6
368734         68269451      BE-39199         3
530416         58643376        PO-11471        2
496123         57182371    EN-90758    4
988319      36934113         BE-39137         7
282358      35852072         BE-39896        9
406406    51873364        BR-15823      6
508029      31712526    EN-77549      4
615768    92980780         BE-39160    1
138781      82583252    BR-15745        2
801974      32538825    BR-15756      8
593758    81539774    BR-15525    4
381370    17299012        BR-15950         5
751666      51642949         AD-53477         6
356862    57182371         PO-11172        4
356862    57182371      BR-15864      3
773053    51808448        BE-39584      2
872028        93961840         EN-77214      4
840493    59199342        EN-77606         4
152386        15290194        BR-15142      1
156439        45914393         AD-53939    10
840493        59199342        EN-77156    9
381603      86297512      BR-15479    3
908458        34697743        BR-15592         3
872028        93961840        BR-15724      10
496123        57182371         BR-15950      8
943088         85395219      BE-39738      5
152386    15290194        BE-39584        2
528967    75100362    BE-39987         5
981884    94683380         BR-15665    4
423765    75100362    PA-11500         2
981884        94683380         BE-39227      4
414009      59596317        BR-15136        8
798625    99774549    BR-15921      8
366421        53420926        AD-53546        3
282358    35852072        BE-39864    9
445200        79133967        PO-11283         7
530416    58643376      PO-11621    1
406983         72330000         BE-39160    3
362232        65278099        BR-15525      4
744073    86836066         PO-11731         2
356862         57182371    PA-11871      9
751666        51642949    EN-90758    7
414904         86836066         AD-53518        10
381370      17299012      BR-15724      6
309299    31284904        PA-11871        7
539094      54815159    BR-15297      1
594895         34697743        BR-15378        9
981884        94683380      BE-39738      4
906990    59561864    BE-39536        2
499778         53420926         PA-11692         4
406406    51873364    BR-15611         4
947313      59561864      EN-77894    7
615768      92980780         AD-53814    9
111663        52313890    EN-90758         10
840493        59199342        AP-73500        8
561622         35347567         BR-15945         4
947313         59561864         BR-15283    3
632169         60543714        AD-53377        8
406406      51873364        BE-39431        1
229797    90367684      BE-39137        7
282358         35852072    AD-53518        5
621974      32538825    BE-39475         7
748120    25062013    BE-39431        7
381603    86297512         AD-53518         7
414904         86836066    AD-53477    8
254358    14956687        EN-77971        3
840493      59199342         AD-53939    6
530416         58643376        BR-15950         1
217929        51873364      BR-15578         3
261051      36471787         EN-77572      6
331362         51642949         BR-15116         7
490445    92275859         BE-39738        4
765579    71422479         PO-11620    7
406983         72330000      BR-15197        9
684365         12484697      BE-39536         8
946451    41964357         BR-15592      7
381370    17299012    BE-39227    3
547395        34571095      PA-11850    6
604991      81647285    EN-77381         5
331362         51642949        BE-39536      8
707266        92275859        BR-15197        9
988319      36934113      EN-77214      10
478986         81539774        BE-39227      10
748120        25062013    BR-15592      1
211001        86988155        BR-15479         10
149836        59596317         BE-39536        5
331362         51642949         BE-39265        6
765579         71422479         BR-15272    6
508029    31712526      PI-15392      2
773053         51808448    BR-15136      8
765579      71422479        BR-15525      1
906990    59561864        BR-15665         7
632169        60543714        BR-15950        5
292701        35606314    BR-15950         7
684365         12484697    BE-39431      10
973050        43704548        EN-77549    10
615768    92980780         BR-15197      9
181472      60543714    BR-15479      2
748120      25062013         BR-15142        3
615768         92980780    BR-15525    2
530416      58643376        AD-53518    5
456530      92275859        ES-31796        4
181472      60543714         BR-15283        8
366421        53420926      AD-90766    7
445200        79133967    EN-77214        1
508029      31712526         BE-39584    5
449715        66039166    BE-39584      5
229797         90367684      PI-15608         4
780654      57182371        BR-15926        8
496123        57182371    BR-15724      10
309299         31284904    EN-77910    6
236975      51873364    AD-53502    1
788134    57182371        EN-77606      10
236975    51873364    BR-15510        2
988242        35606314        SA-55330    1
903078      22598563        BR-15864      4
181472      60543714      AD-53760        4
234730         43704548      BR-15621         5
499778        53420926    BE-39431    9
561622      35347567         BE-39864         2
604991         81647285    BR-15724    9
988319         36934113    AD-53477    8
149836        59596317         BR-15419        8
496123      57182371         PO-11611      8
234730      43704548         EN-77381      2
181777        35852072      EN-77419        2
149836        59596317        SA-55338      7
561622    35347567    ES-31796      6
807876         36471787         AD-53939         8
773053        51808448    BR-15864      7
382606    72973662         EN-77214        3
329964      65912822        EN-77549    5
621974    32538825    EN-77910    8
840493    59199342    EN-77691      3
561622         35347567    BR-15365    3
381370    17299012        AD-53377         10
449715    66039166        AP-73500         2
504011        71422479         PI-15392         3
181472         60543714      AP-73500        7
111663      52313890        BR-15365        8
261051        36471787    AP-73500        7
236975    51873364         BR-15378         5
744073    86836066         PA-11500    5
333221      68114999    BR-15136        4
358019         93231760         BE-39987         7
356862        57182371         EN-53265    10
292701        35606314         PO-11620    4
414904    86836066        PI-15488         8
377454    35852072      EN-77910        5
615768    92980780      BR-15479      3
138781      82583252      BR-15823         8
111663      52313890        EN-77572    9
632169        60543714      BR-15724      4
707266    92275859      BE-39160      1
788134      57182371        AD-53814        10
114303      63230770         PO-11751      10
765579         71422479         BE-39199      2
508029    31712526        BR-15864    1
947313    59561864         EN-77971    8
561622      35347567    AD-53764    8
152386    15290194      BR-15136         8
158211    52313890        BR-15197        10
261051    36471787        ES-31815        4
621974      32538825         BR-15319      10
289957      75100362         ES-31815         6
549421         31284904    BE-39227         2
381603    86297512        BR-15197        9
684365         12484697        EN-77910      5
973050    43704548    BE-39955        6
181472         60543714    BE-39265      5
615768         92980780      PO-11471    10
593758      81539774      BE-39955         9
773053    51808448    AP-73500        1
114303    63230770         EN-77381    5
138781         82583252         EN-77606    10
309299      31284904        PA-11850        7
946451    41964357         PO-11751        10
751666         51642949    PO-11611        8
234730         43704548         BR-15319         1
234730      43704548         BR-15378      6
356862         57182371        BR-15419        5
377454        35852072    PO-11283         5
119991        53420926    BE-39955         7
988319    36934113        BR-15665      9
414009         59596317      AD-53991    3
381603        86297512         BE-39955    7
377454      35852072         PO-11172        7
748120    25062013    BR-15319         10
988319         36934113         BE-39265      4
973050      43704548        AD-90766      3
903078         22598563        BE-39137         5
289957    75100362        BE-39431    3
358019    93231760    BR-15756        5
331362        51642949    BR-15319         5
593758      81539774         PO-11471        9
289957      75100362      BR-15724    10
261051      36471787        BE-39584        6
119991        53420926        BE-39810         5
801974      32538825      EN-77690      5
152386         15290194      EN-77549      8
236975         51873364      EN-77493    8
114303      63230770      BR-15578      4
329964        65912822    BR-15665         1
499778    53420926    BR-15724    9
282358      35852072         EN-77487    9
765579      71422479    EN-90365      8
119991        53420926        AD-53477         3
366421    53420926      BR-15136        2
156439         45914393      BR-15578        7
114303         63230770      BE-39160    5
788134        57182371         BR-15283      7
872028      93961840        EN-77762        10
152386         15290194      EN-77572    5
981884        94683380         BR-15760         1
621974         32538825    BE-39903        9
261051      36471787         BR-15197      4
114303      63230770        BE-39695      7
788134        57182371    PO-11611         4
490105         51642949        PI-15539        4
449715    66039166      PI-15392        2
356862      57182371    BR-15297      5
508029         31712526         BR-15142    3
981884    94683380      BR-15525         10
561622    35347567      PO-11471      5
294538      34697743         BR-15760      3
973050      43704548    BR-15136    7
531671      25062013        AD-53760        8
156439      45914393      PA-11871         5
988242        35606314      BE-39265         4
946451    41964357      BR-15419        8
496123        57182371      BE-39227        6
362232         65278099      EN-53265        6
981884         94683380      BE-39584        8
254358      14956687         EN-73410         3
406406      51873364         BR-15116         9
229797        90367684        BR-15864      1
211001        86988155        BE-39160        6
490445    92275859         BR-15116        8
604991      81647285        BR-15578         4
946451    41964357        PA-11692      3
684365         12484697    AD-53518      2
362232      65278099      BR-15197    7
329964         65912822        BE-39955        10
381370        17299012      BE-39431    9
547395      34571095      EN-77549    8
490105         51642949    EN-77691    10
449715         66039166    EN-77549         4
946451        41964357      PO-11731      4
499778         53420926         EN-77690        7
751666    51642949         BE-39227        2
561622         35347567      BE-39227      9
906990        59561864         BE-39489    8
872028    93961840      BR-15283    5
234730         43704548    AD-53377         8
114303        63230770      BR-15116    9
988319        36934113        AD-53760      6
531671      25062013    EN-77156      9
593758        81539774      PA-11850      7
292701        35606314        PO-11611        2
414009    59596317        EN-77214        1
449715    66039166        BR-15197         4
840493      59199342    AD-53957        5
744073    86836066        EN-77894        6
362232      65278099         BR-15283         2
181472      60543714        BE-39489    10
499778      53420926      EN-53265    1
217929      51873364         PO-11751        5
504011    71422479    PI-15404        4
294538    34697743        EN-77691      9
751666        51642949        AP-73428    1
947313    59561864    EN-77549        7
234730         43704548         SA-55330         7
632169         60543714         BE-39431    3
499778        53420926         BE-39851        2
973050      43704548         AD-53546        2
331362         51642949        EN-77487         3
377454        35852072        EN-77156    9
594895      34697743    BR-15319      5
872028         93961840         AD-90766        6
499778    53420926    EN-77572         2
406406    51873364    BE-39137         6
149836      59596317        BE-39955         7
508029         31712526    ES-31815         2
229797    90367684         AP-73428      2

621540        22598563         AD-53814         6
621540    22598563    BE-39199         7
621540    22598563      BE-39747        1
621540         22598563         EN-77493         9
621540         22598563         AP-73428        4
621540      22598563      BE-39738      2
621540      22598563        BE-39584      1
621540         22598563      BE-39227    1
304497         51873364    BE-39199        10
304497    51873364        BE-39747        1
304497      51873364    EN-77493         8
304497        51873364      AP-73428      9
304497        51873364      BE-39738         8
304497        51873364      BE-39584         5
304497         51873364      BE-39227      8
304497      51873364        BR-15665    9
577242        86836066    EN-77493      6
577242        86836066        AP-73428    5
577242         86836066      BE-39738         4
577242        86836066         BE-39584      5
577242        86836066         BE-39227      2
577242    86836066    BR-15665         1
577242      86836066    BR-15760    6
577242        86836066         BR-15621    5
873741    57182371    BE-39475      2
873741      57182371      BR-15319        10
873741    57182371      BE-39265         4
873741    57182371      BR-15365         4
873741    57182371    AD-53518    7
873741      57182371    BE-39489      2
873741        57182371    SA-55338        3
873741    57182371        EN-90758        6
591433      66091742    BR-15611         8
591433        66091742      BR-15864        6
591433      66091742         BE-39536         2
591433      66091742    AD-53518    2
591433         66091742        ES-31796         7
591433    66091742         BE-39137    4
591433         66091742         BR-15760    7
591433      66091742        BE-39431      7
432825      62126128        PI-15404         2
432825        62126128         PO-11731        10
432825    62126128        BR-15479      6
432825         62126128        AD-53518      6
432825    62126128        BE-39160         1
432825        62126128         BR-15525    8
432825      62126128        PO-11471         7
432825      62126128    EN-53265         8
904805        81647285      BE-39160    6
904805         81647285        BR-15525    8
904805    81647285        PO-11471         1
904805         81647285    EN-53265         2
904805    81647285         BR-15197    8
904805        81647285    BE-39955        3
904805      81647285    AD-53814         4
904805         81647285      PI-15153         2
421210         95656771        BR-15479      7
421210    95656771    EN-77910         4
421210        95656771        BR-15621      8
421210      95656771         BE-39141         10
421210      95656771    PI-15608         8
421210        95656771    BE-39955        9
421210         95656771         BR-15116         10
421210         95656771         EN-77606         9
155553    32538825    EN-77910         6
155553        32538825        BR-15621      2
155553    32538825    BE-39141    6
155553      32538825    PI-15608         6
155553        32538825         BE-39955         5
155553    32538825         BR-15116    9
155553      32538825         EN-77606      6
155553         32538825      EN-77690         1
984153        60543714    BR-15479      3
984153      60543714      EN-77910         10
984153    60543714    BR-15621        8
984153         60543714         BE-39141        2
984153      60543714         PI-15608        2
984153         60543714      BE-39955        2
984153    60543714      BR-15116        7
984153        60543714    EN-77606         4
125328         61061535      BE-39199         8
125328    61061535      BR-15760    4
125328         61061535      BR-15921      3
125328    61061535      EN-73410         1
125328        61061535         BR-15136        8
125328         61061535    EN-77493        8
125328      61061535         BR-15823         8
125328      61061535         AD-53991    3
255034        68269451         EN-73410    4
255034        68269451         BR-15136      4
255034         68269451      EN-77493      7
255034        68269451      BR-15823      5
255034         68269451        AD-53991      3
255034         68269451         BE-39160         2
255034    68269451    EN-77606         10
255034         68269451         BR-15745        2
883970    49573578         BE-39160    6
883970      49573578        BR-15525         8
883970    49573578      PO-11471        1
883970        49573578    EN-53265      2
883970      49573578        BR-15197         8
883970        49573578      BE-39955         3
883970    49573578    AD-53814    4
883970         49573578      PI-15153    2
900459         37769366         BR-15479         7
900459        37769366      EN-77910      4
900459        37769366         BR-15621    8
900459      37769366      BE-39141         10
900459        37769366         PI-15608      8
900459      37769366         BE-39955        9
900459      37769366      BR-15116        10
900459      37769366      EN-77606         9
320690      32538825        EN-77487    2
320690      32538825    BR-15760        3
320690        32538825    AP-73500      5
320690    32538825      EN-77156      4
320690    32538825         BE-39137        6
320690      32538825    PA-11871    8
320690         32538825      BR-15479    9
477444        60543714      PO-11751         2
477444      60543714    AD-53502    2
477444      60543714      EN-77762      2
477444         60543714        PO-11172    7
477444      60543714      BR-15578    5
477444    60543714    AD-53764      3
477444      60543714         BR-15945    10
842138        71422479         AD-53377      3
842138        71422479    EN-90758    3
842138    71422479    AP-73428      1
842138         71422479         BR-15950    10
842138         71422479         BR-15724    9
842138    71422479         BR-15510    1
842138        71422479    BE-39431         5
874983      54815159      PA-11871    8
874983         54815159    AD-90766    4
874983        54815159      PA-11850         9
874983      54815159    PO-11171    9
874983        54815159         PI-15392         5
874983        54815159    BR-15319         7
874983        54815159      PI-15153        7
991438    95656771    PI-15404        1
991438    95656771    BR-15136      9
991438         95656771        BR-15283    2
991438    95656771        AD-53546         1
991438         95656771    AD-90766      2
991438      95656771         PO-11751    10
991438    95656771        BR-15365    9
931918    22679759        PA-11871         8
931918         22679759    AD-90766    5
931918        22679759         PA-11850         8
931918        22679759    PO-11171      1
931918      22679759         PI-15392         2
931918        22679759         BR-15319      2
931918      22679759         PI-15153      8
561156         41964357    BE-39489        6
561156         41964357        BR-15756        9
561156        41964357        BE-39536        9
561156    41964357         EN-77971         9
561156    41964357    AD-53518    9
561156         41964357    BE-39584    7
561156         41964357      BR-15665      1
352468         72973662    SA-55338      1
352468    72973662        BR-15116        8
352468        72973662    BR-15319    3
352468         72973662    SA-55330    8
352468      72973662      BE-39536      3
352468        72973662    EN-77487      9
352468         72973662         BE-39265        7
768474         62126128      BE-39536        4
768474         62126128        EN-77487      6
768474        62126128    BE-39265      6
768474    62126128        BE-39851      2
768474    62126128    BR-15378    6
768474    62126128      BE-39864      8
768474         62126128        BE-39584        6
534157    49357767        SA-55330      5
534157        49357767        BE-39536      2
534157        49357767        EN-77487      2
534157         49357767         BE-39265      9
534157      49357767         BE-39851        7
534157    49357767    BR-15378      3
534157        49357767        BE-39864      10
911467         99774549         EN-53265        8
911467         99774549    BR-15419      4
911467    99774549    EN-77910    9
911467        99774549      BR-15297        5
911467        99774549        PA-11871         5
911467        99774549        BR-15621         1
911467        99774549         ES-31644        8
411147         35606314    PO-11172         1
411147        35606314      PO-11611        6
411147        35606314    PA-11850        8
411147        35606314    EN-53265      3
411147        35606314    BR-15419        10
411147         35606314        EN-77910         7
411147    35606314    BR-15297    8
957768    53420926      EN-53265         8
957768    53420926         BR-15419    8
957768    53420926      EN-77910         4
957768      53420926         BR-15297        1
957768      53420926         PA-11871        6
957768        53420926    BR-15621         5
957768         53420926        ES-31644        10
145715         61061535         BR-15479         1
145715         61061535    BE-39431    2
145715        61061535        AD-53546      6
145715      61061535        EN-77703         3
145715    61061535      EN-77381      5
145715         61061535        BE-39160    4
145715      61061535    BE-39695        2
246151         65912822    EN-77381         6
246151    65912822         BE-39160        9
246151    65912822        BE-39695        10
246151    65912822      BR-15745      7
246151        65912822         BR-15578    7
246151      65912822         BR-15724         3
246151        65912822         BR-15116         10
665458         32538825         BE-39695        9
665458    32538825         BR-15745    3
665458      32538825    BR-15578        2
665458         32538825         BR-15724        9
665458      32538825    BR-15116      2
665458      32538825        PO-11751         2
665458         32538825         SA-55330    1
544862      72937662         EN-77381      8
544862    72937662    BE-39160         8
544862    72937662      BE-39695    2
544862    72937662        BR-15745        4
544862    72937662      BR-15578      1
544862        72937662    BR-15724        2
544862         72937662         BR-15116      8
170173         62126128      BE-39851      2
170173      62126128        PA-11692        7
170173      62126128      EN-77572      3
170173      62126128         BE-39431      6
170173      62126128         EN-77690        1
170173    62126128        BR-15724         4
170173         62126128        EN-53265         7
747751    12484697    EN-77690        5
747751    12484697        BR-15724      5
747751      12484697         EN-53265        9
747751      12484697    BR-15823        4
747751      12484697    EN-77214         2
747751      12484697      BE-39695        9
747751      12484697      ES-31815         3
974769        14956687      EN-77572    10
974769         14956687         BE-39431        1
974769      14956687        EN-77690    6
974769      14956687         BR-15724    3
974769         14956687    EN-53265        8
974769        14956687        BR-15823    7
974769      14956687    EN-77214    7
244276        90367684      AD-53814        10
244276         90367684         BE-39199         8
244276         90367684    BE-39747         5
244276         90367684      EN-77493      7
244276      90367684    AP-73428        8
244276    90367684         BE-39738         3
244276        90367684    BE-39584    2
247099    81539774         BE-39199        9
247099        81539774      BE-39747      2
247099         81539774    EN-77493    8
247099         81539774         AP-73428        4
247099    81539774         BE-39738    2
247099         81539774         BE-39584      7
247099    81539774         BE-39227      2
652747      80694546        BE-39536         7
652747    80694546    AD-53518      7
652747    80694546         ES-31796    6
652747        80694546        BE-39137        6
652747      80694546      BR-15760         10
652747         80694546        BE-39431    9
652747        80694546        PO-11621    1
277375      32538825      PO-11471         3
277375        32538825    EN-53265        4
277375         32538825    BR-15197      4
277375      32538825        BE-39955      3
277375      32538825    AD-53814        3
277375      32538825         PI-15153    4
277375        32538825      BR-15283        4
769193        86988155         BR-15479      2
769193    86988155    EN-77910        1
769193    86988155         BR-15621        1
769193      86988155        BE-39141        3
769193    86988155         PI-15608         8
769193        86988155      BE-39955         8
769193    86988155    BR-15116    1
431133      58643376      BE-39141        7
431133      58643376        PI-15608         9
431133      58643376        BE-39955    6
431133         58643376    BR-15116      1
431133        58643376      EN-77606      5
431133      58643376    EN-77690        7
431133        58643376      BR-15945    4
172184      81334083        PO-11471         3
172184      81334083      EN-53265    4
172184      81334083      BR-15197        4
172184        81334083    BE-39955    3
172184         81334083      AD-53814    3
172184        81334083         PI-15153         4
172184      81334083    BR-15283        4
427178      73518695    BR-15479        2
427178    73518695        EN-77910        1
427178         73518695        BR-15621        1
427178        73518695        BE-39141         3
427178        73518695      PI-15608        8
427178         73518695         BE-39955      8
427178    73518695        BR-15116        1
623142         65308391    BR-15479    1
623142      65308391    BE-39431    2
623142      65308391         AD-53546         6
623142        65308391        EN-77703    3
623142    65308391        EN-77381      5
623142    65308391      BE-39160        4
623142         65308391      BE-39695         2
568663         56100384      EN-77381    6
568663         56100384        BE-39160    9
568663         56100384        BE-39695      10
568663      56100384         BR-15745      7
568663      56100384      BR-15578    7
568663    56100384         BR-15724    3
568663      56100384    BR-15116         10
314078    30246960      BE-39137         2
314078      30246960        PA-11871        2
314078      30246960    BR-15479    8
314078    30246960         BR-15621         6
314078    30246960         PO-11731        7
314078      30246960        PO-11751      5
290660    59199342    BR-15142      1
290660    59199342         BR-15745    4
290660    59199342    ES-31796        2
290660        59199342    AD-53939      7
290660    59199342    EN-77493    6
290660        59199342        BR-15272         7
424007        72937662         BR-15116         6
424007        72937662         EN-90365        9
424007      72937662      EN-77971      4
424007        72937662        BE-39475      6
424007        72937662         BE-39851      6
424007        72937662        AD-53377         8
998079         91187814        BR-15116      5
998079    91187814         BR-15823    4
998079    91187814        BE-39431    3
998079    91187814      BR-15136    4
998079    91187814        BE-39903         6
998079        91187814        BE-39695      10
117660      68114999         PO-11611      2
117660    68114999      BE-39227      4
117660        68114999        AD-53377        4
117660    68114999    EN-90758         10
117660        68114999         AP-73428    3
117660    68114999    BR-15950         1
466115         36934113         BE-39536      9
466115        36934113        EN-77971        7
466115    36934113    AD-53518      2
466115         36934113        BE-39584        1
466115        36934113        BR-15665    5
466115         36934113        AD-53377         4
324530      57182371      BE-39431    9
324530    57182371         AD-53546    3
324530      57182371        EN-77703      2
324530         57182371         EN-77381         5
324530        57182371    BE-39160      5
324530    57182371    BE-39695    5
187119         51642949         PA-11692        1
187119    51642949      EN-77572      3
187119      51642949        BE-39431        6
187119      51642949    EN-77690      3
187119        51642949        BR-15724        6
187119        51642949      EN-53265      8
164900         72330000    BR-15724        8
164900         72330000         EN-53265         5
164900         72330000    BR-15823         7
164900      72330000      EN-77214    4
164900    72330000         BE-39695    1
164900         72330000    ES-31815         10
997002      35606314        AD-53764        3
997002    35606314         BE-39536         5
997002    35606314         BE-39851    9
997002         35606314        PA-11692        7
997002    35606314        EN-77572        8
997002      35606314      BE-39431        2
768281         72937662    PA-11692        1
768281        72937662    EN-77572         1
768281      72937662    BE-39431        6
768281         72937662         EN-77690         1
768281    72937662    BR-15724    3
768281    72937662        EN-53265        9
                      
252120         36934113        BR-15724         9
252120    36934113      EN-53265         6
252120    36934113         BR-15823      3
252120        36934113         EN-77214         9
252120      36934113         BE-39695        5
252120         36934113         ES-31815    2
413102        22679759      AP-73428        1
413102      22679759      BE-39738         10
413102         22679759         BE-39584      7
413102        22679759    BE-39227    8
413102        22679759      BR-15665    1
413102        22679759    BR-15760         1
470947         66091742        BE-39199      4
470947         66091742        BE-39747        5
470947    66091742      EN-77493      8
470947         66091742        AP-73428      8
470947      66091742    BE-39738      5
470947    66091742        BE-39584         8
797896        45914393         SA-55338        5
797896        45914393         AD-53814        5
797896         45914393         BE-39199    5
797896        45914393      BE-39747      9
797896    45914393    EN-77493      4
797896      45914393        AP-73428      7
832902      51873364        BE-39903         9
832902         51873364        BE-39475        3
832902      51873364    BR-15319         3
832902      51873364    BE-39265      9
832902      51873364        BR-15365    6
832902        51873364         AD-53518      9
806230        14956687    BR-15365      6
806230      14956687         AD-53518        2
806230        14956687    BE-39489    7
806230         14956687        SA-55338    10
806230      14956687        EN-90758        2
806230        14956687         EN-77572        9
900971         85395219      BE-39903    8
900971      85395219    BE-39475        9
900971    85395219         BR-15319    8
900971    85395219    BE-39265      7
900971        85395219      BR-15365         4
900971      85395219        AD-53518        4
328363      86988155    BR-15525      4
328363         86988155    PO-11471    8
328363        86988155    EN-53265    2
328363      86988155        BR-15197      2
328363         86988155    BE-39955        5
328363         86988155        AD-53814    2
980897        72330000        BR-15479      3
980897      72330000      AD-53518        10
980897      72330000      BE-39160         1
980897        72330000    BR-15525    2
980897        72330000         PO-11471         10
980897    72330000    EN-53265    3
590880         59561864    BE-39695    9
590880        59561864         BR-15921        3
590880    59561864         BR-15479      9
590880      59561864         EN-77910      9
590880    59561864      BR-15621        3
590880    59561864        BE-39141      6
732996         93961840    BR-15921      9
732996    93961840         EN-73410         2
732996    93961840    BR-15136      5
732996        93961840         EN-77493        4
732996         93961840        BR-15823    6
732996      93961840    AD-53991    5
711123        49357767    AP-73500      9
711123    49357767    BR-15136    10
711123    49357767        EN-77572         1
711123      49357767        BR-15665         10
711123         49357767         BE-39536         5
711123        49357767      AD-53377        8
745594        51873364        BR-15142        5
745594    51873364    EN-77549        4
745594    51873364         BE-39584         7
745594    51873364         ES-31815    10
745594      51873364    BR-15864        5
745594      51873364         BR-15197         2
565677        67277765         BR-15525    4
565677    67277765         PO-11471    8
565677      67277765        EN-53265         2
565677      67277765      BR-15197        2
565677         67277765      BE-39955      5
565677    67277765      AD-53814         2
752219    78223294        BR-15479    3
752219      78223294      AD-53518      10
752219    78223294      BE-39160      1
752219    78223294        BR-15525        2
752219    78223294         PO-11471      10
752219      78223294         EN-53265      3
845288      80740735        BE-39695    9
845288         80740735         BR-15921    3
845288    80740735    BR-15479    9
845288         80740735      EN-77910         9
845288        80740735        BR-15621        3
845288    80740735        BE-39141        6
288755    40711531         BR-15921      9
288755         40711531         EN-73410         2
288755         40711531    BR-15136         5
288755      40711531        EN-77493        4
288755      40711531        BR-15823      6
288755         40711531    AD-53991        5
866198         52650965    BE-39431      9
866198    52650965      AD-53546    3
866198      52650965      EN-77703         2
866198        52650965    EN-77381        5
866198        52650965         BE-39160    5
866198        52650965         BE-39695    5
308748         59596317        BR-15326        6
308748      59596317         BR-15378        10
308748        59596317    BR-15142        6
308748        59596317         BR-15745         8
308748         59596317         ES-31796      5
218546        32538825        EN-77493        4
218546        32538825    BR-15272         3
218546    32538825    PO-11171         10
218546      32538825        BR-15525      4
218546        32538825      BE-39695    3
930732    34571095         PO-11171    10
930732      34571095         BE-39810        8
930732    34571095    EN-77487         1
930732    34571095         EN-77493      9
930732    34571095        PO-11611      7
421500      71422479        EN-77493         5
421500        71422479        PO-11611    6
421500    71422479    BR-15116        4
421500      71422479    EN-90365         1
421500        71422479         EN-77971        10
934108      62287143      BE-39199    6
934108      62287143        AD-53377        3
934108         62287143        EN-77691         10
934108    62287143      PA-11500      3
934108         62287143      BR-15297      3
244107      93939698      BR-15283    9
244107      93939698      AD-53546      7
244107        93939698    AD-90766         5
244107    93939698    PO-11751    7
244107         93939698         BR-15365    10
647233    31284904    BE-39536      6
647233        31284904        EN-77487         6
647233      31284904      BE-39265        7
342947      80694546      EN-77381        4
342947        80694546      BE-39695    5
342947         80694546         BR-15578      6
548569    27709566        EN-77703        4
548569         27709566      EN-77381    1
548569    27709566         BE-39695         7
548569        27709566    BR-15745        4
222201      37282858         BE-39431      6
222201         37282858        AD-53546      4
222201         37282858    EN-77703         1
222201    37282858        BE-39160        5
596267        72937662      BE-39747        3
596267      72937662    EN-77493      10
596267      72937662         AP-73428    5
596267        72937662      BE-39738         1
596267         72937662      BE-39584      6
790582         77324146         BE-39199      4
790582    77324146    BE-39747    2
790582        77324146        EN-77493        8
790582    77324146      AP-73428         5
790582      77324146      BE-39738         3
501821        52313890      AP-73428        3
501821    52313890      BE-39738        2
501821      52313890      BE-39584        6
501821         52313890      BE-39227        7
501821        52313890         BR-15665         2
647560      99774549         AP-73428         5
647560    99774549        BE-39738      2
647560         99774549        BE-39584        3
647560      99774549         BE-39227        1
647560         99774549        BR-15665         1
835027    94683380        PO-11731      7
835027        94683380    SA-55338      1
835027         94683380      AD-53814    1
835027    94683380        BE-39199        2
835027         94683380      BE-39747    1
459459    59561864      BE-39903    8
459459        59561864    BE-39475    9
459459         59561864    BR-15319         2
459459      59561864      BE-39265      6
459459      59561864         BR-15365        1
607099        35852072         BR-15136        1
607099        35852072      EN-77493      4
607099         35852072         BR-15823    4
607099        35852072      AD-53991    10
607099         35852072    BE-39160         7
181340         72330000      BR-15921    10
181340    72330000        EN-73410      8
181340         72330000    BR-15136      4
181340    72330000      EN-77493      1
181340      72330000        BR-15823        5
871002    35852072        EN-77493        2
871002        35852072        BR-15823         4
871002      35852072    AD-53991        7
871002        35852072        BE-39160        4
871002    35852072         EN-77606         10
127019         46466842        EN-77703    4
127019         46466842      EN-77381    1
127019        46466842         BE-39160        5
127019        46466842    BE-39695        7
127019      46466842        BR-15745      4
410319        22303979        EN-77381    5
410319      22303979    BE-39160        6
410319      22303979         BE-39160         5
410319      22303979         BE-39695    7
410319      22303979         BR-15745        4
516696      36471787         EN-53265        6
516696        36471787        EN-77493         10
516696    36471787        BE-39955    1
516696    36471787    EN-77549      1
497376      93961840         BE-39160        8
497376         93961840    EN-77419         2
497376        93961840    BR-15326         4
497376      93961840        BR-15378         2
983446      49357767    BE-39955         3
983446         49357767         PO-11620      6
983446      49357767         PO-11621         10
983446    49357767    BR-15142         3
865237      93939698      PA-11500        4
865237        93939698         BR-15297         2
865237        93939698         AD-53502        4
865237    93939698      BR-15510      2
482635         68269451        BE-39903      2
482635         68269451      BE-39695    9
482635    68269451    PO-11751        7
482635        68269451        BE-39851        6
747367      93231760    PO-11611         4
747367         93231760      BR-15116      6
747367        93231760      BR-15823         9
747367      93231760      BE-39431         7
478148        59199342      AD-53546      8
478148        59199342        PA-11871    10
478148        59199342    AD-90766      9
478148    59199342        PA-11850    7
663311    59596317      PO-11171         7
663311         59596317         PI-15392      9
663311    59596317         BR-15319      8
663311         59596317    PI-15153         8
699046      34697743    BR-15319    1
699046    34697743         PI-15153    3
699046    34697743    BR-15926      8
699046         34697743      BR-15326        6
442735        91187814      AD-53518         1
442735        91187814      BE-39584         10
442735      91187814    BR-15665    5
442735        91187814    AD-53377      9
210959      72330000    AD-53518        7
210959         72330000        BE-39584        2
210959         72330000    BR-15665         4
210959        72330000      AD-53377        2
705335    59199342         BR-15319         6
705335    59199342    SA-55330    10
705335         59199342        BE-39536         8
705335         59199342         EN-77487    10
240169         45914393         BE-39265    8
240169    45914393        BE-39851      8
240169        45914393        BR-15378         6
240169         45914393         BE-39864        2
796698      35347567        BE-39536      9
796698        35347567        EN-77487      7
796698         35347567        BE-39265         1
796698         35347567         BE-39851    10
298464         79133967        BR-15419         3
298464        79133967    EN-77910         2
298464    79133967      BR-15297    9
298464    79133967        EN-77910    9
589059    79100967        BR-15297         3
589059         79100967    PA-11871         8
589059    79100967         BR-15621    5
589059        79100967    ES-31644        9
321936        35852072    AD-53764         3
321936         35852072      BE-39536         4
321936      35852072        BE-39851      10
321936    35852072    PA-11692         8
304786        63640178        BE-39851      9
304786         63640178         PA-11692         4
304786         63640178    EN-77572         7
304786    63640178    BE-39431        4
745839        93231760         EN-77690         1
745839        93231760         BR-15724         9
745839        93231760    EN-53265         9
745839        93231760        BR-15823      3
484298         93231760    BE-39536    9
484298        93231760    BE-39851         8
484298        93231760         PA-11692         4
484298        93231760         EN-77572    6
403672        54149342         PA-11692      7
403672         54149342      EN-77572         7
403672    54149342    BE-39431      4
403672    54149342      EN-77690         7
806164    35852072    BE-39431        8
806164    35852072         EN-77690        7
806164      35852072         BR-15724        4
806164      35852072      EN-53265        2
745538        20371464      SA-55338        9
745538         20371464    AD-53814         8
745538         20371464      BE-39199         6
396272         53420926      SA-55338    10
396272        53420926      BE-39199      9
396272      53420926      BE-39747         10
896356    51642949         PO-11731        1
896356         51642949    SA-55338        4
896356      51642949         BE-39199         8
579570         72973662         BE-39747    9
579570    72973662         EN-77493    4
579570    72973662         AP-73428      3
579570    72973662      BE-39738      8
479977        36471787      AD-53814      10
479977      36471787        BE-39199      6
479977        36471787         BE-39747         2
479977         36471787    EN-77493         3
782674    61061535         BE-39475        10
782674      61061535         BR-15319    4
782674         61061535        BE-39265         3
782674      61061535      BR-15365        10
553475      81647285    BR-15611      2
553475         81647285        BR-15864         10
553475      81647285      BE-39536         8
553475    81647285    AD-53518    6
216753    66039166      BR-15611    1
216753    66039166         BR-15864         1
216753    66039166      BE-39536      7
216753        66039166         AD-53518    6
624251         90367684      ES-31815         3
624251         90367684         BR-15864      2
624251      90367684         BR-15197        8
624251      90367684      AP-73500        5
380646      22598563      BR-15864         3
380646      22598563        BR-15197    6
380646    22598563    AP-73500        10
380646         22598563    BR-15136      1
782881    32538825      BR-15142      10
782881    32538825         EN-77549        1
782881      32538825    BE-39584    10
782881      32538825      ES-31815    9
210256      32352361      ES-31815         3
210256      32352361    BR-15864    2
210256      32352361      BR-15197      8
210256        32352361        AP-73500    5
656315         41964357      ES-31815    2
656315      41964357    EN-77381      9
891024      93231760         PO-11620    1
891024         93231760         EN-77156      10
227408        22598563    BE-39431    2
227408      22598563    BR-15136      7
169965        80694546         PO-11611    9
169965         80694546         BE-39227    7
169965         80694546         AD-53377    10
542427         59596317    PA-11850         5
542427      59596317      PO-11171    5
542427    59596317    PI-15392    7
997980        31284904      AD-90766         10
997980    31284904    PO-11751    7
997980        31284904         BR-15365         3
426890         77440060    BE-39536         7
426890         77440060      EN-77971        2
569739    35347567    BR-15665        6
569739         35347567    EN-77910      8
251809    28992638        BE-39536    9
251809      28992638        EN-77487         8
981222    71422479    EN-53265      10
981222    71422479         BR-15419    6
981222        71422479        EN-77910    2
991107      12484697        BR-15419         9
991107         12484697    EN-77910    5
991107        12484697         BR-15297         6
161044      93939698    AD-53546      9
161044        93939698         EN-77703         2
161044         93939698         EN-77381      5
458056      57182371         EN-77381      9
458056      57182371    BE-39160        4
458056      57182371        BE-39695        7
409540        66091742        AD-53546        8
409540        66091742         EN-77703         3
409540    66091742    EN-77381    10
840469    72330000    BE-39431    5
840469      72330000      EN-77690      6
840469    72330000    BR-15724      6
513457        91187814        BE-39199        5
513457    91187814    BE-39747    2
513457      91187814    EN-77493    6
414669      28992638      BE-39747      8
414669      28992638    EN-77493      4
414669         28992638         AP-73428        1
931456        45914393      EN-77493        2
931456      45914393        AP-73428      7
931456        45914393    BE-39738      7
869665      34697743        BE-39747      3
869665      34697743    EN-77493    10
869665      34697743      AP-73428      2
788167        41964357        AP-73428        8
788167         41964357        BE-39738      7
788167        41964357        BE-39584      8
916368      80694546        AD-53546      4
916368      80694546         EN-77910      8
916368    80694546         BE-39903        9
636801         20371464    PI-15608      4
636801        20371464        BR-15611      6
636801        20371464         BR-15864        1
142128         86988155    BR-15142      1
142128    86988155    EN-77549    3
142128         86988155      BE-39584        4
138949      25062013        BE-39584         7
138949      25062013        ES-31815         6
138949        25062013         BR-15864        5
456118    81539774    BE-39584         9
456118    81539774      ES-31815        2
456118         81539774    BR-15864        8
393903         52313890    BR-15142      8
393903         52313890    EN-77549        8
393903         52313890        BE-39584         5
985837      90367684    BE-39584    6
985837      90367684      ES-31815         1
985837    90367684         BR-15864    9
847248      54149342      PI-15392         3
847248    54149342         EN-53265        9
847248      54149342         BR-15142        1
611173      15290194    BR-15864         5
611173    15290194        BR-15197        1
611173    15290194         AP-73500         10
781312      68269451    EN-77762    8
781312    68269451        BR-15136      9
823450    94683380        AD-90766         7
823450    94683380      BR-15950      2
815830        34697743        BR-15945    1
815830    34697743    PO-11620        7
460522        68269451    AD-53939         8
460522        68269451         EN-77493        5
501322        63640178        BR-15142        9
501322      63640178      BR-15578      3
671441        90367684         BR-15283    2
671441        90367684         AP-73500         2
562940        61061535         EN-90758         3
562940         61061535         AP-73428        6
262598    81647285         EN-77971    10
262598    81647285    AD-53518        6
953707    49357767         BR-15319        6
953707    49357767    SA-55330      1
574036        59199342        SA-55330         8
574036      59199342         BE-39536    10
516483    41964357         EN-77487      8
516483        41964357    BE-39265         2
146940    12484697      EN-77910    5
146940        12484697        BR-15297        7
735717    22679759      EN-77703      5
735717         22679759    EN-77381        10
437540        90367684         EN-77381      5
437540    90367684      BE-39160      6
652574         36471787        BR-15479        1
652574        36471787      BE-39431      3
622546         93231760         BR-15745      8
622546      93231760         BR-15578        8
923530    79133967        BE-39747         10
923530      79133967        EN-77493         8
915369         91187814    BE-39265        7
915369        91187814        BR-15365      5
438051    60543714         BR-15365        10
438051         60543714    AD-53518        6
694238    86988155    AP-73428         1
694238      86988155      PI-15608        1
299977      49357767      BE-39536         8
299977        49357767      AD-53518    7
401565        64262396         EN-77703        5
401565         64262396        EN-77381    10
250387         51108372         BR-15479    1
250387         51108372    BE-39431        3
451022      38986512        BR-15745    8
451022    38986512    BR-15578    8
275160         62126128      ES-31815        4
993028      80694546         EN-77156         3
899847    63640178    BR-15142         1
541680    34571095      BR-15479      5
800857         51465986    AD-53957        5
764269    62287143         AD-53377         7
192023      81539774    BE-39955    8
415664         41964357         EN-77487        6
239044        51873364      BE-39160      9
423432      54149342    BE-39160    3
568930         22598563         BE-39738        4
426905    36471787         BE-39738    8
585689    51873364         BE-39955      10
663322         59596317         EN-77910      5
202599         31526241        BE-39955         10
965791    76595144    EN-77910      5
