77223355   13038626   34   919777   14.97   378708   14.31   380049   10.17   350118   7.84
77223355   69055024   46   990354   0.86   140158   6.55   453687   4.8
49405528   40730103   8   800384   9.84   811509   4.93   130082   6.29   980233   3.32   453687   6.34   490454   8.13
77223355   18577696   41   309313   14.21   320934   10.17   453687   9.14   120992   13.56   350118   6.79
41334788   25650475   65   644596   5.2   270227   2.11   270040   9.32   320934   1.33   980233   14.12
41334788   13738993   36   510063   10.29
59871816   17723698   48   340444   13.09   756733   13.92   980233   4.76   247769   2.22
59871816   39831777   68   349213   11.31   130082   5.56   350118   13.72   710789   3.26   340444   14.54   990354   8.17
59871816   69055024   58   990354   0.86   140158   6.55   453687   4.8
41334788   64806233   13   140158   4.67   530367   14.91   870138   8.38   320934   1.82   320934   11.45   140158   13.71
49405528   45787791   10   378708   11.97   756733   11.1   270040   1.03   650611   0.5   644596   2.27
77223355   30723979   62   584115   10.45   530367   9.53   980233   9.06   140158   5.94
41334788   65652654   61   756733   11.15   679768   13.49   707842   3.87   247769   8.37
41334788   17723698   36   340444   13.09   756733   13.92   980233   4.76   247769   2.22
74045383   20494416   52   380049   8.41   140158   3.65   340444   14.73   800384   8.51   270227   13.79   411592   10.66
74045383   74394370   34   490454   12.76   220562   10.05   230184   14.43   870138   13.33
41334788   23287983   25   800384   7.58   530798   6.41   140158   5.43   350118   10.06
49405528   91275921   36   679768   12.94   543556   4.5   378708   10.44   320934   7.51   220562   4.96
49405528   78845169   10   120992   14.1   349213   14.58   247769   12.31   530367   10.19
77223355   30961675   56   530367   4.36   270227   5.47
77223355   48716197   32   742063   12.18   140158   2.85
59871816   45063992   34   690189   12.17   756733   5.6   990354   11.63
49405528   84685156   39   514787   7.82   644596   11.83   230184   12.62   140158   2.76   810557   6.58
49405528   30208387   46   980233   8.93
59871816   15083523   20   543556   11.56   370929   6.5   230184   14.52
59871816   70368340   67   453687   11.55   290786   9.17   220562   14.85   800384   12.96
59871816   93137520   7   990354   11.34
77223355   49775476   40   510063   14.95   530367   9.08   130082   9.66   650611   4.79
41334788   48716197   47   742063   12.18   140158   2.85
59871816   18577696   39   309313   14.21   320934   10.17   453687   9.14   120992   13.56   350118   6.79
41334788   40871049   36   220562   7.17
59871816   35238470   38   800384   2.73
74045383   18577696   60   309313   14.21   320934   10.17   453687   9.14   120992   13.56   350118   6.79
41334788   30114545   27   349213   2.38   270227   4.25   230184   15
77223355   65664357   58   980233   0.65   870138   14.93   679768   0.48   640279   7.66
59871816   25650475   29   644596   5.2   270227   2.11   270040   9.32   320934   1.33   980233   14.12
77223355   61892987   20   810557   12.47
41334788   52765394   54   800384   9.63   811509   10.93
59871816   12583928   43   811509   13.84
41334788   29366832   68   742063   4.72   756733   2.62   756733   10.27
59871816   39294590   40   250612   5.36   510063   14.04
74045383   62348022   62   510063   14.48   309313   9.25   730269   10.11   510063   8.84   514787   6.66   524655   14.77
41334788   88642298   12   490454   12.88   524655   6.83
59871816   76912469   9   348262   6.56
41334788   12097069   24   490454   12.42   644596   6.23   990354   3.02   919777   7.18   230184   10.28   679768   13.09
41334788   98036560   63   524655   9.08
77223355   39294590   62   250612   5.36   510063   14.04
41334788   31822420   12   490454   11.35   348262   0.45
49405528   53881953   37   919777   11.89   707842   6.88
74045383   49928654   58   510907   12.98   380049   0.25
59871816   38802337   33   800384   3.43   290786   13.33   919777   10.57   349213   12.33   411592   13.64   514787   10.05
59871816   20494416   59   380049   8.41   140158   3.65   340444   14.73   800384   8.51   270227   13.79   411592   10.66
41334788   69495546   8   679768   5.95   543556   2.73   707842   9.25
41334788   30723979   10   584115   10.45   530367   9.53   980233   9.06   140158   5.94
74045383   62460770   69   650611   7.78   370929   7.74   247769   4.68   275448   3.99   250612   6.56
59871816   24607082   29   130082   5.33   919777   2.34   919777   0.53   919777   0.63   707842   5.55
41334788   88180422   17   756733   0.51   247769   12.71   640279   1.88   230184   11.51   411592   14.76
49405528   63108513   28   650611   10.73
49405528   74962583   36   140158   14.77
77223355   50675778   75   290786   3.57   530367   9.46   350118   9.22   690189   2.22   250612   13.92
59871816   56437009   30   510907   2.22   919777   13.48
41334788   45646952   70   247769   8.28   810557   6.79
41334788   68702859   74   707842   12.09   756733   7.57   710789   3.89   348262   5.36
41334788   72895120   46   340444   2.43   650611   10.01   990354   10.81
49405528   39831777   21   349213   11.31   130082   5.56   350118   13.72   710789   3.26   340444   14.54   990354   8.17
41334788   39435422   30   800384   9.68   320934   0.85   120992   6.22
41334788   95067515   36   220562   11.33   530367   13.25   348262   4.97
49405528   98036560   13   524655   9.08
59871816   49883968   18   275448   14.44   543556   0.47
59871816   26744674   21   640279   12.17
41334788   81547640   54   378708   11.22   919777   13.02   350118   3.85   380049   1.68   490454   12.13
49405528   83310207   7   707842   1.97
41334788   72884886   33   756733   12.65   309313   2.22   650611   2.48   380049   9.08   320934   11.32
59871816   88696838   49   690189   8.57   411592   8.6
41334788   16795834   56   348262   3.25
59871816   88642298   50   490454   12.88   524655   6.83
77223355   42121198   7   640279   1.37   690189   13.42
74045383   86304371   29   349213   6.32   730269   11.8   370929   2.51   524655   3.46   275448   13.39   800384   9.76
41334788   32371778   8   275448   11.17   340444   10.21   290786   13.45
74045383   33649675   49   370929   0.33   230184   8.26   870138   2.15   453687   3.29   530367   0.44   530798   9.57
59871816   69495546   34   679768   5.95   543556   2.73   707842   9.25
59871816   52397493   45   514787   13.22   524655   7.03
59871816   34123560   65   644596   7.95   453687   12.56
41334788   15691569   55   250612   14.17
41334788   35215214   48   309313   2.52   130082   13.39   742063   10.42   380049   1.68   120992   8.41
74045383   73748921   11   349213   13.47   320934   0.67   350118   11.07   247769   0.99   707842   12.48
59871816   35215214   37   309313   2.52   130082   13.39   742063   10.42   380049   1.68   120992   8.41
59871816   32523045   27   510907   4.67
41334788   24607082   36   130082   5.33   919777   2.34   919777   0.53   919777   0.63   707842   5.55
77223355   72895120   62   340444   2.43   650611   10.01   990354   10.81
59871816   16467590   5   543556   5.55   690189   14.71   230184   9.17
74045383   25902367   43   320934   11.5   919777   4.75   810557   5.11
41334788   39993857   18   411592   7.5   247769   2.84   510907   2.96   990354   9.29   247769   3.75
59871816   73748921   48   349213   13.47   320934   0.67   350118   11.07   247769   0.99   707842   12.48
41334788   27904666   34   510063   13.7   811509   7.17   870138   5.77   650611   5.54   800384   0.87
77223355   94434964   38   370929   6.68   530798   9   543556   7.61   800384   8.94   290786   4.58
59871816   98031819   9   707842   12.08   640279   3.27   510907   9.01   270040   9.6   800384   11.9   530367   10.5
77223355   22143644   67   810557   1.91   250612   1.44   220562   10.11   543556   1.97   290786   1.1
74045383   32414095   16   524655   2.02
59871816   65918368   31   510907   0.72
74045383   34799137   62   870138   12.57   270227   1.31   247769   12.83
59871816   68702859   43   707842   12.09   756733   7.57   710789   3.89   348262   5.36
59871816   47777291   8   348262   10.42   340444   14.28
74045383   64710021   36   411592   7.81   230184   6.87
41334788   25328827   24   411592   9.64   378708   2.27   370929   8.76   270040   9.67   380049   7.95   140158   10.67
41334788   76887382   39   380049   3.09   690189   3.75   350118   10.36   370929   5.83   270227   1.89
49405528   60345506   19   530798   14.72   980233   0.6   411592   7.66
41334788   82813208   46   120992   1.69
59871816   23862163   14   650611   4.69   524655   14.4   490454   6.3
59871816   92923724   59   870138   12.53   120992   3.15   543556   0.85   510907   10.98
74045383   25689316   71   378708   0.37   980233   9.7   411592   11.78   453687   6.03   530367   9.34   690189   11.37
59871816   17194609   14   130082   14.83   350118   0.11   510907   6.99   490454   2.41   120992   13.08   870138   0.41
41334788   93137520   72   990354   11.34
59871816   23287983   50   800384   7.58   530798   6.41   140158   5.43   350118   10.06
59871816   50675778   53   290786   3.57   530367   9.46   350118   9.22   690189   2.22   250612   13.92
59871816   47262045   64   378708   2.63   140158   11.31
77223355   49928654   63   510907   12.98   380049   0.25
41334788   30024103   14   378708   1.62   250612   6.33   690189   15   710789   11.6   811509   3.28   490454   13.92
41334788   24312298   61   220562   2.83   707842   12.58   290786   9.45
59871816   13038626   40   919777   14.97   378708   14.31   380049   10.17   350118   7.84
49405528   32523045   27   510907   4.67
41334788   13090422   11   320934   12.54   870138   11.11   524655   0.4
77223355   31822420   43   490454   11.35   348262   0.45
77223355   64644939   17   378708   1.99   980233   9.86   811509   2   514787   2.45   250612   8.96   370929   5.87
49405528   80861409   47   742063   5.96   710789   12.48   644596   1.36   919777   14.34   810557   11.03
74045383   32523045   35   510907   4.67
41334788   36848335   8   370929   8.76   320934   13.78   810557   1.44
74045383   28360596   61   290786   5.97   340444   10.05
77223355   81547640   9   378708   11.22   919777   13.02   350118   3.85   380049   1.68   490454   12.13
49405528   42620846   10   380049   6.11   514787   13.65
49405528   18577696   17   309313   14.21   320934   10.17   453687   9.14   120992   13.56   350118   6.79
41334788   70151923   68   350118   9.14   811509   11.95   690189   6.1
49405528   27757101   17   340444   6.2   270227   13.82   370929   3.87   340444   2.5   710789   10.92   710789   12.62
41334788   12862077   69   800384   12.45   490454   7.03
49405528   87725049   34   380049   3.29   490454   9.19
49405528   92923724   33   870138   12.53   120992   3.15   543556   0.85   510907   10.98
49405528   24738433   30   350118   6.91   530367   6.16   120992   7.78   800384   3.75   247769   14.04
59871816   29366832   63   742063   4.72   756733   2.62   756733   10.27
41334788   88275746   20   640279   5.86   543556   5.24   690189   12.02   679768   4.86   290786   8.59   530367   6.65
41334788   62090144   47   270040   10.21   514787   11.24   644596   4.7   524655   1.32   510063   9.56   543556   1.46
77223355   64806233   61   140158   4.67   530367   14.91   870138   8.38   320934   1.82   320934   11.45   140158   13.71
41334788   73748921   44   349213   13.47   320934   0.67   350118   11.07   247769   0.99   707842   12.48
49405528   35238470   40   800384   2.73
41334788   61564666   63   250612   3.28   370929   1.94
59871816   81547640   59   378708   11.22   919777   13.02   350118   3.85   380049   1.68   490454   12.13
41334788   81864733   8   250612   14.69
41334788   98031819   33   707842   12.08   640279   3.27   510907   9.01   270040   9.6   800384   11.9   530367   10.5
59871816   82363466   53   810557   13.99
74045383   12544210   75   349213   14.57   514787   12.81   320934   10.18   679768   12.12
59871816   28360596   60   290786   5.97   340444   10.05
77223355   36848335   28   370929   8.76   320934   13.78   810557   1.44
41334788   99502597   52   990354   3.85   270040   13.07   640279   0.19   919777   10.21   530367   12.32
77223355   32414095   61   524655   2.02
59871816   12357879   71   350118   0.6   270040   7.99   490454   5.64   340444   2.68   453687   8.17
59871816   61834025   5   380049   14.56   120992   11.88
59871816   16795834   31   348262   3.25
49405528   73748921   28   349213   13.47   320934   0.67   350118   11.07   247769   0.99   707842   12.48
49405528   26844823   41   510063   8.21
41334788   94434964   47   370929   6.68   530798   9   543556   7.61   800384   8.94   290786   4.58
74045383   69495546   10   679768   5.95   543556   2.73   707842   9.25
41334788   52397493   32   514787   13.22   524655   7.03
59871816   94635852   42   453687   8.59
41334788   76471783   32   250612   4.3   530367   4.35   510063   9.77
41334788   23512995   23   919777   2.36   370929   4.02   320934   8.18
74045383   47513146   67   348262   8.52   980233   4.55   707842   11.5   514787   13.27   348262   2.75   919777   0.63
77223355   99502597   40   990354   3.85   270040   13.07   640279   0.19   919777   10.21   530367   12.32
59871816   91275921   19   679768   12.94   543556   4.5   378708   10.44   320934   7.51   220562   4.96
74045383   88180422   47   756733   0.51   247769   12.71   640279   1.88   230184   11.51   411592   14.76
77223355   63108513   30   650611   10.73
49405528   56279744   52   756733   7.61   247769   10.4   870138   11.26
59871816   75274398   19   349213   3.22   275448   5
49405528   94351621   35   810557   11.3   690189   14.41   514787   1.54   230184   2.13   270040   1.72   340444   6.22
41334788   12357879   27   350118   0.6   270040   7.99   490454   5.64   340444   2.68   453687   8.17
41334788   81138024   60   990354   8.02   707842   7.94
77223355   11282107   30   120992   6.76   290786   2.43
49405528   25650475   24   644596   5.2   270227   2.11   270040   9.32   320934   1.33   980233   14.12
41334788   60345506   27   530798   14.72   980233   0.6   411592   7.66
49405528   36848335   54   370929   8.76   320934   13.78   810557   1.44
49405528   13090422   12   320934   12.54   870138   11.11   524655   0.4
41334788   56437009   54   510907   2.22   919777   13.48
41334788   16467590   62   543556   5.55   690189   14.71   230184   9.17
41334788   40816428   37   270227   13.24   514787   0.58   
41334788   19305528   65   690189   1.85   340444   5.67
59871816   89015978   51   270227   2.52   730269   5.06   320934   13.24   584115   4.2
41334788   73932723   5   320934   13.94   348262   12.87   510907   5.47   270040   6.91   120992   5.9   710789   8.09
77223355   40871049   69   220562   7.17
49405528   71662995   43   710789   5.7   270040   2.75
41334788   61834025   54   380049   14.56   120992   11.88
59871816   12544210   28   349213   14.57   514787   12.81   320934   10.18   679768   12.12
74045383   30985360   16   349213   0.75
41334788   32523045   25   510907   4.67
74045383   47777291   5   348262   10.42   340444   14.28
59871816   99502597   65   990354   3.85   270040   13.07   640279   0.19   919777   10.21   530367   12.32
77223355   88463100   35   370929   10.85
49405528   46186380   39   370929   9.9   411592   14.49   800384   4.16   349213   7.16   140158   2.55   530798   4.93
49405528   28360596   44   290786   5.97   340444   10.05
49405528   67152643   27   140158   6.24   453687   13.09   707842   7.74   490454   3.33
74045383   43887189   70   990354   12.22   370929   9.52   220562   13.43   707842   6.84   584115   10.39   130082   7
41334788   63320843   27   690189   9.01
77223355   32523045   13   510907   4.67
59871816   56279744   50   756733   7.61   247769   10.4   870138   11.26
59871816   57364037   49   411592   3.39   710789   2.94   756733   7.71   800384   0.77
59871816   30024103   16   378708   1.62   250612   6.33   690189   15   710789   11.6   811509   3.28   490454   13.92
59871816   34799137   36   870138   12.57   270227   1.31   247769   12.83
41334788   25689316   23   378708   0.37   980233   9.7   411592   11.78   453687   6.03   530367   9.34   690189   11.37
59871816   31586300   63   710789   9.05   453687   10   453687   5.42   270040   4.5   710789   11.78   707842   0.96
49405528   41124284   22   756733   10.13   510063   11.36   543556   13.52   270040   13.98   730269   4.59   453687   2.93
41334788   31593549   52   510907   10.09   811509   0.37   510063   7.51
59871816   21918872   44   378708   8.3   411592   3.02   350118   13.67   230184   7.33   742063   6.25   275448   10
41334788   77689871   39   919777   2.33   250612   1.16   247769   9.82   919777   13.18   710789   9.27   130082   10.52
74045383   56224913   52   990354   14.77
49405528   39290027   36   530367   5.46   490454   5.98   510907   7.57   247769   6.17   340444   14.07   453687   10.13
41334788   78845169   72   120992   14.1   349213   14.58   247769   12.31   530367   10.19
41334788   28697286   74   980233   14.24   378708   2.67   270040   1.81   453687   8.35   270040   3.72   640279   12.04
59871816   36403547   16   679768   10.37   514787   10.62
49405528   88314411   35   584115   7.47   514787   3.6
41334788   95654030   33   990354   9.69   707842   3.58   990354   3.48
59871816   77689871   47   919777   2.33   250612   1.16   247769   9.82   919777   13.18   710789   9.27   130082   10.52
41334788   13038626   5   919777   14.97   378708   14.31   380049   10.17   350118   7.84
41334788   46186380   34   370929   9.9   411592   14.49   800384   4.16   349213   7.16   140158   2.55   530798   4.93
49405528   61745267   38   810557   10.21   543556   7.17   690189   2.4
59871816   20980117   23   378708   9.39   348262   5.19
41334788   40742785   36   800384   2.29
41334788   47777291   8   348262   10.42   340444   14.28
41334788   26744674   20   640279   12.17
74045383   88314411   24   584115   7.47   514787   3.6
59871816   71997939   30   543556   12.16   320934   5.89   679768   12.73   348262   9.79   742063   2.56   370929   12.76
41334788   72573136   49   120992   9.95   348262   7.24   270227   2.64   510907   7.9   411592   3.99
77223355   62122326   57   370929   6.95   380049   14.02   270227   6.42   250612   1.92   490454   13.68
77223355   76887382   66   380049   3.09   690189   3.75   350118   10.36   370929   5.83   270227   1.89
74045383   81864733   19   250612   14.69
74045383   82363466   33   810557   13.99
49405528   12862077   43   800384   12.45   490454   7.03
59871816   23512995   29   919777   2.36   370929   4.02   320934   8.18
59871816   61541838   17   380049   8.47   490454   6.9
59871816   32115202   7   980233   11.41   730269   9.98
77223355   12862077   22   800384   12.45   490454   7.03
59871816   68521386   51   690189   2.02   679768   14.31   543556   5.02   524655   7.48   290786   1.12   247769   4.39
49405528   94305823   28   990354   5.81   270040   10.21   810557   4.95   811509   1.88   510907   4.97   980233   12.88
41334788   49775476   15   510063   14.95   530367   9.08   130082   9.66   650611   4.79
41334788   25461562   48   800384   11.3   584115   2.37   349213   9.13   690189   6.44   530367   6.93   320934   4.6
49405528   51775289   18   690189   12.75   800384   6.72   348262   12.56
74045383   52175563   28   270040   12.97   490454   0.93   320934   1.14
77223355   88246242   7   919777   14.24   247769   4.84   453687   12.36   370929   4.79
77223355   17723698   66   340444   13.09   756733   13.92   980233   4.76   247769   2.22
74045383   89015978   16   270227   2.52   730269   5.06   320934   13.24   584115   4.2
49405528   62460770   35   650611   7.78   370929   7.74   247769   4.68   275448   3.99   250612   6.56
49405528   88463100   15   370929   10.85
77223355   81928072   8   530367   12.21   742063   8.9
77223355   19305528   56   690189   1.85   340444   5.67
41334788   25902367   11   320934   11.5   919777   4.75   810557   5.11
41334788   80324796   8   524655   11.4   340444   4.8   707842   5.42
59871816   25689316   75   378708   0.37   980233   9.7   411592   11.78   453687   6.03   530367   9.34   690189   11.37
74045383   50675778   6   290786   3.57   530367   9.46   350118   9.22   690189   2.22   250612   13.92
74045383   22143644   61   810557   1.91   250612   1.44   220562   10.11   543556   1.97   290786   1.1
59871816   46284181   11   644596   1.48   524655   8.35   349213   2.54   530798   2.96   530367   12.73
41334788   61833853   12   247769   6.26   710789   6.2   290786   13.24   350118   5.79   290786   11.3   411592   12.94
49405528   64806233   8   140158   4.67   530367   14.91   870138   8.38   320934   1.82   320934   11.45   140158   13.71
49405528   15083523   41   543556   11.56   370929   6.5   230184   14.52
59871816   42121198   40   640279   1.37   690189   13.42
41334788   65664357   66   980233   0.65   870138   14.93   679768   0.48   640279   7.66
59871816   63108513   35   650611   10.73
41334788   76912469   14   348262   6.56
59871816   19055795   32   644596   9.28   140158   1.99   275448   5.79   800384   1.06   510063   7.9
49405528   19687930   42   220562   0.84
49405528   75307280   31   247769   6.18   756733   4.87   270227   8.26
59871816   24312298   9   220562   2.83   707842   12.58   290786   9.45
59871816   15025361   49   742063   0.94   810557   14.63   309313   4.34   710789   9.53   707842   12.01   275448   4.43
59871816   49928654   67   510907   12.98   380049   0.25
77223355   39435422   62   800384   9.68   320934   0.85   120992   6.22
49405528   17723698   34   340444   13.09   756733   13.92   980233   4.76   247769   2.22
77223355   98036560   48   524655   9.08
41334788   12503626   57   275448   12.85   810557   11.8   270227   8.11   514787   9.84   810557   14.63   679768   11.73
49405528   30723979   7   584115   10.45   530367   9.53   980233   9.06   140158   5.94
59871816   81928072   44   530367   12.21   742063   8.9
59871816   51278172   19   543556   13.34   348262   10.33
59871816   96836250   5   800384   1.54   756733   0.27   309313   4.04   980233   0.19
41334788   18987493   55   490454   7.55
77223355   18864372   51   530798   5.33   679768   11.17
49405528   50675778   26   290786   3.57   530367   9.46   350118   9.22   690189   2.22   250612   13.92
49405528   33763303   47   650611   7.9   811509   0.87   524655   8.62   290786   9.35   650611   1.4
59871816   46186380   71   370929   9.9   411592   14.49   800384   4.16   349213   7.16   140158   2.55   530798   4.93
41334788   12583928   56   811509   13.84
41334788   26844823   7   510063   8.21
77223355   49883968   37   275448   14.44   543556   0.47
59871816   43887189   47   990354   12.22   370929   9.52   220562   13.43   707842   6.84   584115   10.39   130082   7
59871816   42620846   50   380049   6.11   514787   13.65
59871816   74317865   34   378708   13.65   350118   8.8   707842   14.27   250612   3.53   870138   3.58
41334788   13613697   67   707842   8.67
41334788   88463100   59   370929   10.85
59871816   84685156   51   514787   7.82   644596   11.83   230184   12.62   140158   2.76   810557   6.58
74045383   30114545   54   349213   2.38   270227   4.25   230184   15
41334788   96836250   71   800384   1.54   756733   0.27   309313   4.04   980233   0.19
41334788   15025361   56   742063   0.94   810557   14.63   309313   4.34   710789   9.53   707842   12.01   275448   4.43
59871816   22143644   42   810557   1.91   250612   1.44   220562   10.11   543556   1.97   290786   1.1
77223355   52765394   41   800384   9.63   811509   10.93
59871816   74962583   13   140158   14.77
41334788   30208387   61   980233   8.93
49405528   34799137   27   870138   12.57   270227   1.31   247769   12.83
41334788   63108513   17   650611   10.73
77223355   43887189   45   990354   12.22   370929   9.52   220562   13.43   707842   6.84   584115   10.39   130082   7
41334788   81346064   39   140158   12.57   309313   1.21   349213   1.43
74045383   70454666   47   250612   9.7
59871816   72895120   69   340444   2.43   650611   10.01   990354   10.81
49405528   88180422   35   756733   0.51   247769   12.71   640279   1.88   230184   11.51   411592   14.76
59871816   62979923   48   530798   9.39   811509   4.62   800384   3.82   490454   4.64   411592   7.56
49405528   18864372   48   530798   5.33   679768   11.17
41334788   92923724   12   870138   12.53   120992   3.15   543556   0.85   510907   10.98
41334788   42121198   28   640279   1.37   690189   13.42
59871816   30208387   38   980233   8.93
41334788   19687930   72   220562   0.84
41334788   80533239   74   742063   1.09   350118   0.75   811509   11.58   510907   2.25   340444   0.75
77223355   16795834   25   348262   3.25
49405528   98031819   39   707842   12.08   640279   3.27   510907   9.01   270040   9.6   800384   11.9   530367   10.5
41334788   13051900   41   990354   11.59   811509   10.8
41334788   12544210   55   349213   14.57   514787   12.81   320934   10.18   679768   12.12
59871816   11282107   24   120992   6.76   290786   2.43
59871816   19687930   52   220562   0.84
49405528   47777291   34   348262   10.42   340444   14.28
49405528   72821103   23   543556   9.91   800384   10.5
59871816   54714750   37   250612   8.95   870138   2.87   250612   1.32   870138   6.63   349213   3.8
49405528   88642298   30   490454   12.88   524655   6.83
41334788   80861409   42   742063   5.96   710789   12.48   644596   1.36   919777   14.34   810557   11.03
49405528   74930374   13   340444   11.68   270040   0.37
77223355   73748921   18   349213   13.47   320934   0.67   350118   11.07   247769   0.99   707842   12.48
41334788   61892987   25   810557   12.47
77223355   76912469   28   348262   6.56
49405528   51278172   18   543556   13.34   348262   10.33
59871816   45646952   18   247769   8.28   810557   6.79
77223355   24607082   37   130082   5.33   919777   2.34   919777   0.53   919777   0.63   707842   5.55
59871816   97543061   57   640279   5.16   510063   0.81   510907   5.25   756733   1.07
41334788   75274398   15   349213   3.22   275448   5
41334788   47262045   41   378708   2.63   140158   11.31
74045383   76912469   51   348262   6.56
49405528   30985360   39   349213   0.75
77223355   71997939   67   543556   12.16   320934   5.89   679768   12.73   348262   9.79   742063   2.56   370929   12.76
41334788   33649675   36   370929   0.33   230184   8.26   870138   2.15   453687   3.29   530367   0.44   530798   9.57
59871816   61745267   32   810557   10.21   543556   7.17   690189   2.4
49405528   13038626   41   919777   14.97   378708   14.31   380049   10.17   350118   7.84
49405528   86304371   26   349213   6.32   730269   11.8   370929   2.51   524655   3.46   275448   13.39   800384   9.76
49405528   69055024   18   990354   0.86   140158   6.55   453687   4.8
74045383   71662995   67   710789   5.7   270040   2.75
74045383   72895120   63   340444   2.43   650611   10.01   990354   10.81
59871816   13738993   20   510063   10.29
41334788   62460770   14   650611   7.78   370929   7.74   247769   4.68   275448   3.99   250612   6.56
41334788   94635852   12   453687   8.59
59871816   80324796   15   524655   11.4   340444   4.8   707842   5.42
77223355   30208387   46   980233   8.93
59871816   47513146   56   348262   8.52   980233   4.55   707842   11.5   514787   13.27   348262   2.75   919777   0.63
49405528   82363466   36   810557   13.99
49405528   29366832   16   742063   4.72   756733   2.62   756733   10.27
41334788   61745267   6   810557   10.21   543556   7.17   690189   2.4
77223355   23287983   51   800384   7.58   530798   6.41   140158   5.43   350118   10.06
74045383   95654030   37   990354   9.69   707842   3.58   990354   3.48
77223355   88642298   25   490454   12.88   524655   6.83
74045383   80324796   8   524655   11.4   340444   4.8   707842   5.42
41334788   65918368   10   510907   0.72
41334788   88696838   26   690189   8.57   411592   8.6
59871816   82641651   71   370929   14.05   250612   10.22   742063   12.75   350118   8.95   990354   10.47   247769   13.76
74045383   36848335   72   370929   8.76   320934   13.78   810557   1.44
49405528   36403547   49   679768   10.37   514787   10.62
74045383   32371778   28   275448   11.17   340444   10.21   290786   13.45
41334788   43887189   44   990354   12.22   370929   9.52   220562   13.43   707842   6.84   584115   10.39   130082   7
49405528   81138024   22   990354   8.02   707842   7.94
49405528   45646952   51   247769   8.28   810557   6.79
41334788   39294590   70   250612   5.36   510063   14.04
59871816   57781072   7   644596   5.57   810557   3.82   584115   7.57
49405528   51735008   41   990354   0.52
41334788   21918872   43   378708   8.3   411592   3.02   350118   13.67   230184   7.33   742063   6.25   275448   10
49405528   14439382   27   380049   5.78
59871816   64710021   13   411592   7.81   230184   6.87
49405528   62122326   14   370929   6.95   380049   14.02   270227   6.42   250612   1.92   490454   13.68
74045383   88696838   9   690189   8.57   411592   8.6
49405528   17194609   32   130082   14.83   350118   0.11   510907   6.99   490454   2.41   120992   13.08   870138   0.41
49405528   31593549   11   510907   10.09   811509   0.37   510063   7.51
77223355   88696838   62   690189   8.57   411592   8.6
59871816   14165614   25   140158   0.91
41334788   34123560   71   644596   7.95   453687   12.56
77223355   72884886   40   756733   12.65   309313   2.22   650611   2.48   380049   9.08   320934   11.32
59871816   60345506   29   530798   14.72   980233   0.6   411592   7.66
59871816   98343021   29   679768   10.38   378708   14.55   710789   14.44
49405528   16795834   51   348262   3.25
59871816   63085347   18   742063   0.6   584115   14.95
49405528   61834025   6   380049   14.56   120992   11.88
49405528   16467590   18   543556   5.55   690189   14.71   230184   9.17
41334788   27757101   30   340444   6.2   270227   13.82   370929   3.87   340444   2.5   710789   10.92   710789   12.62
77223355   67152643   20   140158   6.24   453687   13.09   707842   7.74   490454   3.33
41334788   70268805   42   270040   2.09   230184   11.61   742063   7.23   378708   6.86   340444   2.93
77223355   81296134   71   742063   0.81   510063   5.21
49405528   12583928   45   811509   13.84
74045383   39435422   45   800384   9.68   320934   0.85   120992   6.22
49405528   13051900   55   990354   11.59   811509   10.8
41334788   22143644   29   810557   1.91   250612   1.44   220562   10.11   543556   1.97   290786   1.1
41334788   71662995   16   710789   5.7   270040   2.75
59871816   86304371   19   349213   6.32   730269   11.8   370929   2.51   524655   3.46   275448   13.39   800384   9.76
41334788   54714750   32   250612   8.95   870138   2.87   250612   1.32   870138   6.63   349213   3.8
41334788   39867465   52   870138   12.89   811509   5.36   530798   7.19   870138   11.44   230184   5.38   220562   9.97
41334788   69055024   38   990354   0.86   140158   6.55   453687   4.8
41334788   12563180   7   980233   10.95   584115   10.48   524655   14.54   514787   9.25   247769   5.86
77223355   75274398   72   349213   3.22   275448   5
77223355   46186380   11   370929   9.9   411592   14.49   800384   4.16   349213   7.16   140158   2.55   530798   4.93
41334788   98343021   28   679768   10.38   378708   14.55   710789   14.44
77223355   77689871   42   919777   2.33   250612   1.16   247769   9.82   919777   13.18   710789   9.27   130082   10.52
59871816   33763303   73   650611   7.9   811509   0.87   524655   8.62   290786   9.35   650611   1.4
59871816   64806233   70   140158   4.67   530367   14.91   870138   8.38   320934   1.82   320934   11.45   140158   13.71
59871816   58897610   40   380049   11.66   250612   8.93   707842   2.56   690189   3.62   320934   2.02   309313   5.14
59871816   29772611   9   247769   2.24
59871816   71662995   29   710789   5.7   270040   2.75
74045383   65652654   24   756733   11.15   679768   13.49   707842   3.87   247769   8.37
74045383   15083523   11   543556   11.56   370929   6.5   230184   14.52
77223355   12544210   75   349213   14.57   514787   12.81   320934   10.18   679768   12.12
74045383   46411990   71   380049   7.12   800384   4.99   270227   5.7   270040   2.56   990354   1.19
74045383   70268805   28   270040   2.09   230184   11.61   742063   7.23   378708   6.86   340444   2.93
41334788   86304371   34   349213   6.32   730269   11.8   370929   2.51   524655   3.46   275448   13.39   800384   9.76
41334788   73835582   62   811509   7.67   220562   5.27   710789   11.6   490454   1.07
59871816   72884886   23   756733   12.65   309313   2.22   650611   2.48   380049   9.08   320934   11.32   
59871816   30961675   56   530367   4.36   270227   5.47
77223355   13613697   58   707842   8.67
41334788   46411990   38   380049   7.12   800384   4.99   270227   5.7   270040   2.56   990354   1.19
41334788   42620846   58   380049   6.11   514787   13.65
41334788   24619922   34   514787   14   270040   0.16   530367   1.75   349213   13.75   530367   1.54
59871816   54421944   10   350118   12.98   411592   14.7   707842   12.91   350118   13.9   919777   4.73
77223355   95067515   20   220562   11.33   530367   13.25   348262   4.97
59871816   14439382   51   380049   5.78
49405528   57781072   45   644596   5.57   810557   3.82   584115   7.57
49405528   58897610   54   380049   11.66   250612   8.93   707842   2.56   690189   3.62   320934   2.02   309313   5.14
59871816   72821103   55   543556   9.91   800384   10.5
59871816   88180422   16   756733   0.51   247769   12.71   640279   1.88   230184   11.51   411592   14.76
59871816   77753141   70   247769   2.64   370929   10.45   270227   5.63
49405528   39435422   50   800384   9.68   320934   0.85   120992   6.22
59871816   30985360   43   349213   0.75
74045383   32115202   15   980233   11.41   730269   9.98
49405528   23287983   52   800384   7.58   530798   6.41   140158   5.43   350118   10.06
41334788   32414095   52   524655   2.02
49405528   30114545   29   349213   2.38   270227   4.25   230184   15
59871816   70151923   21   350118   9.14   811509   11.95   690189   6.1
41334788   31586300   58   710789   9.05   453687   10   453687   5.42   270040   4.5   710789   11.78   707842   0.96
41334788   74962583   51   140158   14.77
41334788   28340874   26   756733   1.8   980233   6.13   411592   10.53   800384   8.19   230184   8.41   220562   4.31
74045383   64806233   63   140158   4.67   530367   14.91   870138   8.38   320934   1.82   320934   11.45   140158   13.71
74045383   57803713   26   919777   10.1   350118   1.43   270040   1.93
59871816   24738433   39   350118   6.91   530367   6.16   120992   7.78   800384   3.75   247769   14.04
74045383   92923724   64   870138   12.53   120992   3.15   543556   0.85   510907   10.98
41334788   87197419   50   270040   8.25   230184   9.13   220562   1.11
74045383   29772611   36   247769   2.24
59871816   72573136   14   120992   9.95   348262   7.24   270227   2.64   510907   7.9   411592   3.99
41334788   64710021   17   411592   7.81   230184   6.87
77223355   51775289   26   690189   12.75   800384   6.72   348262   12.56
41334788   38179736   69   514787   3.99   919777   12.36   756733   2.83   490454   4.38   490454   5.73
41334788   71997939   26   543556   12.16   320934   5.89   679768   12.73   348262   9.79   742063   2.56   370929   12.76
49405528   78781192   50   510907   11.28
41334788   45063992   41   690189   12.17   756733   5.6   990354   11.63
59871816   48716197   36   742063   12.18   140158   2.85
59871816   67152643   60   140158   6.24   453687   13.09   707842   7.74   490454   3.33
41334788   89015978   33   270227   2.52   730269   5.06   320934   13.24   584115   4.2
59871816   13613697   71   707842   8.67
59871816   94351621   29   810557   11.3   690189   14.41   514787   1.54   230184   2.13   270040   1.72   340444   6.22
41334788   56279744   26   756733   7.61   247769   10.4   870138   11.26
77223355   52397493   43   514787   13.22   524655   7.03
49405528   77753141   27   247769   2.64   370929   10.45   270227   5.63
59871816   53881953   58   919777   11.89   707842   6.88
59871816   75307280   43   247769   6.18   756733   4.87   270227   8.26
59871816   52765394   9   800384   9.63   811509   10.93
41334788   34799137   28   870138   12.57   270227   1.31   247769   12.83
77223355   62090144   71   270040   10.21   514787   11.24   644596   4.7   524655   1.32   510063   9.56   543556   1.46
41334788   61600405   69   800384   0.63   120992   4.25   524655   12.12   810557   4.58   530798   6.45
74045383   13613697   38   707842   8.67
41334788   77414330   7   742063   14.08   756733   14.66   220562   3.82   756733   11.25   990354   12.04   510907   3.21
49405528   12111522   49   250612   2.99
59871816   94305823   56   990354   5.81   270040   10.21   810557   4.95   811509   1.88   510907   4.97   980233   12.88
59871816   30114545   54   349213   2.38   270227   4.25   230184   15
77223355   30024103   71   378708   1.62   250612   6.33   690189   15   710789   11.6   811509   3.28   490454   13.92
49405528   46667916   35   250612   11.54   270040   0.35   220562   10.42   524655   8.36   130082   1.07
59871816   18864372   36   530798   5.33   679768   11.17
41334788   88246242   30   919777   14.24   247769   4.84   453687   12.36   370929   4.79
41334788   54421944   12   350118   12.98   411592   14.7   707842   12.91   350118   13.9   919777   4.73
49405528   25902367   26   320934   11.5   919777   4.75   810557   5.11
59871816   40871049   25   220562   7.17
41334788   36403547   7   679768   10.37   514787   10.62
41334788   33763303   48   650611   7.9   811509   0.87   524655   8.62   290786   9.35   650611   1.4
49405528   74317865   12   378708   13.65   350118   8.8   707842   14.27   250612   3.53   870138   3.58
41334788   30961675   70   530367   4.36   270227   5.47
49405528   23862163   43   650611   4.69   524655   14.4   490454   6.3
41334788   81928072   25   530367   12.21   742063   8.9
49405528   26744674   39   640279   12.17
41334788   64644939   51   378708   1.99   980233   9.86   811509   2   514787   2.45   250612   8.96   370929   5.87
74045383   83310207   43   707842   1.97
41334788   74861989   73   349213   12.35
41334788   67152643   51   140158   6.24   453687   13.09   707842   7.74   490454   3.33
74045383   81928072   61   530367   12.21   742063   8.9
41334788   84685156   40   514787   7.82   644596   11.83   230184   12.62   140158   2.76   810557   6.58
74045383   24312298   19   220562   2.83   707842   12.58   290786   9.45
77223355   23512995   38   919777   2.36   370929   4.02   320934   8.18
49405528   45063992   41   690189   12.17   756733   5.6   990354   11.63
41334788   39290027   12   530367   5.46   490454   5.98   510907   7.57   247769   6.17   340444   14.07   453687   10.13
77223355   35215214   70   309313   2.52   130082   13.39   742063   10.42   380049   1.68   120992   8.41
59871816   87197419   53   270040   8.25   230184   9.13   220562   1.11
49405528   23512995   33   919777   2.36   370929   4.02   320934   8.18
49405528   52397493   13   514787   13.22   524655   7.03
41334788   78781192   19   510907   11.28
59871816   77414330   47   742063   14.08   756733   14.66   220562   3.82   756733   11.25   990354   12.04   510907   3.21
59871816   51735008   36   990354   0.52
41334788   46667916   18   250612   11.54   270040   0.35   220562   10.42   524655   8.36   130082   1.07
49405528   13613697   6   707842   8.67
74045383   87197419   63   270040   8.25   230184   9.13   220562   1.11
74045383   13038626   44   919777   14.97   378708   14.31   380049   10.17   350118   7.84
41334788   97543061   15   640279   5.16   510063   0.81   510907   5.25   756733   1.07
41334788   52175563   16   270040   12.97   490454   0.93   320934   1.14
49405528   61541838   17   380049   8.47   490454   6.9
77223355   70454666   72   250612   9.7
41334788   39655168   67   707842   0.1   510063   1.97
59871816   30723979   9   584115   10.45   530367   9.53   980233   9.06   140158   5.94
41334788   38802337   41   800384   3.43   290786   13.33   919777   10.57   349213   12.33   411592   13.64   514787   10.05
59871816   61564666   9   250612   3.28   370929   1.94
41334788   35238470   32   800384   2.73
41334788   62979923   51   530798   9.39   811509   4.62   800384   3.82   490454   4.64   411592   7.56
41334788   39831777   56   349213   11.31   130082   5.56   350118   13.72   710789   3.26   340444   14.54   990354   8.17
74045383   16347936   11   919777   8.64   640279   3.4   270040   9.25   247769   14.1   510063   6.16
41334788   14165614   75   140158   0.91
59871816   13090422   72   320934   12.54   870138   11.11   524655   0.4
49405528   73932723   20   320934   13.94   348262   12.87   510907   5.47   270040   6.91   120992   5.9   710789   8.09
74045383   33763303   31   650611   7.9   811509   0.87   524655   8.62   290786   9.35   650611   1.4
59871816   45787791   64   378708   11.97   756733   11.1   270040   1.03   650611   0.5   644596   2.27
49405528   87197419   53   270040   8.25   230184   9.13   220562   1.11
59871816   76887382   35   380049   3.09   690189   3.75   350118   10.36   370929   5.83   270227   1.89
59871816   73835582   67   811509   7.67   220562   5.27   710789   11.6   490454   1.07
41334788   94305823   54   990354   5.81   270040   10.21   810557   4.95   811509   1.88   510907   4.97   980233   12.88
59871816   70454666   6   250612   9.7
77223355   67669398   74   380049   0.23   453687   14.32   650611   14.81   980233   12.14   990354   10.09
41334788   63085347   13   742063   0.6   584115   14.95
59871816   61892987   54   810557   12.47
41334788   74317865   62   378708   13.65   350118   8.8   707842   14.27   250612   3.53   870138   3.58
74045383   88246242   20   919777   14.24   247769   4.84   453687   12.36   370929   4.79
59871816   25328827   25   411592   9.64   378708   2.27   370929   8.76   270040   9.67   380049   7.95   140158   10.67
49405528   72895120   54   340444   2.43   650611   10.01   990354   10.81
41334788   62348022   18   510063   14.48   309313   9.25   730269   10.11   510063   8.84   514787   6.66   524655   14.77
41334788   49521598   34   530798   8.1   730269   13.05   370929   2.48   270227   6.82
77223355   60729528   18   490454   12.94   270040   14.6   349213   13.98
77223355   15025361   46   742063   0.94   810557   14.63   309313   4.34   710789   9.53   707842   12.01   275448   4.43
59871816   28340874   23   756733   1.8   980233   6.13   411592   10.53   800384   8.19   230184   8.41   220562   4.31
77223355   33649675   30   370929   0.33   230184   8.26   870138   2.15   453687   3.29   530367   0.44   530798   9.57
41334788   49883968   38   275448   14.44   543556   0.47
59871816   32414095   50   524655   2.02
49405528   11282107   53   120992   6.76   290786   2.43
59871816   15691569   17   250612   14.17
41334788   93682264   63   919777   14.55
49405528   15691569   30   250612   14.17
49405528   49928654   33   510907   12.98   380049   0.25
41334788   57364037   39   411592   3.39   710789   2.94   756733   7.71   800384   0.77
49405528   29772611   39   247769   2.24
74045383   15025361   42   742063   0.94   810557   14.63   309313   4.34   710789   9.53   707842   12.01   275448   4.43
41334788   27718059   50   690189   7.54   250612   6.67
74045383   61892987   31   810557   12.47
41334788   91275921   9   679768   12.94   543556   4.5   378708   10.44   320934   7.51   220562   4.96
74045383   49775476   9   510063   14.95   530367   9.08   130082   9.66   650611   4.79
59871816   38179736   23   514787   3.99   919777   12.36   756733   2.83   490454   4.38   490454   5.73
49405528   61833853   56   247769   6.26   710789   6.2   290786   13.24   350118   5.79   290786   11.3   411592   12.94
74045383   12097069   45   490454   12.42   644596   6.23   990354   3.02   919777   7.18   230184   10.28   679768   13.09
77223355   13090422   61   320934   12.54   870138   11.11   524655   0.4
77223355   87197419   48   270040   8.25   230184   9.13   220562   1.11
41334788   61238188   60   230184   9.75   453687   12.04   320934   8.31   275448   11.29
74045383   81296134   26   742063   0.81   510063   5.21
59871816   51775289   35   690189   12.75   800384   6.72   348262   12.56
59871816   46667916   73   250612   11.54   270040   0.35   220562   10.42   524655   8.36   130082   1.07
49405528   65918368   47   510907   0.72
59871816   26844823   70   510063   8.21
49405528   67669398   40   380049   0.23   453687   14.32   650611   14.81   980233   12.14   990354   10.09
41334788   74930374   60   340444   11.68   270040   0.37
41334788   88314411   16   584115   7.47   514787   3.6
59871816   74861989   23   349213   12.35
77223355   50110634   33   348262   3.8   584115   8.54   120992   12.86   270227   4.81   140158   12.69   514787   4.44
77223355   47262045   44   378708   2.63   140158   11.31
77223355   24738433   34   350118   6.91   530367   6.16   120992   7.78   800384   3.75   247769   14.04
49405528   65652654   10   756733   11.15   679768   13.49   707842   3.87   247769   8.37
41334788   20980117   48   378708   9.39   348262   5.19
74045383   27757101   41   340444   6.2   270227   13.82   370929   3.87   340444   2.5   710789   10.92   710789   12.62
41334788   51775289   62   690189   12.75   800384   6.72   348262   12.56
74045383   88463100   20   370929   10.85
77223355   39867465   68   870138   12.89   811509   5.36   530798   7.19   870138   11.44   230184   5.38   220562   9.97
59871816   40816428   25   270227   13.24   514787   0.58
41334788   60729528   47   490454   12.94   270040   14.6   349213   13.98
59871816   13051900   49   990354   11.59   811509   10.8
41334788   50110634   60   348262   3.8   584115   8.54   120992   12.86   270227   4.81   140158   12.69   514787   4.44
41334788   50675778   53   290786   3.57   530367   9.46   350118   9.22   690189   2.22   250612   13.92
41334788   50321239   19   707842   7.3   530798   13.91   742063   2.56   130082   8.23
41334788   18577696   13   309313   14.21   320934   10.17   453687   9.14   120992   13.56   350118   6.79
59871816   61600405   14   800384   0.63   120992   4.25   524655   12.12   810557   4.58   530798   6.45
49405528   27718059   48   690189   7.54   250612   6.67
41334788   67669398   23   380049   0.23   453687   14.32   650611   14.81   980233   12.14   990354   10.09
59871816   12097069   65   490454   12.42   644596   6.23   990354   3.02   919777   7.18   230184   10.28   679768   13.09
41334788   45787791   35   378708   11.97   756733   11.1   270040   1.03   650611   0.5   644596   2.27
41334788   28360596   71   290786   5.97   340444   10.05
74045383   38802337   55   800384   3.43   290786   13.33   919777   10.57   349213   12.33   411592   13.64   514787   10.05
59871816   93682264   47   919777   14.55
77223355   68702859   75   707842   12.09   756733   7.57   710789   3.89   348262   5.36
74045383   94305823   57   990354   5.81   270040   10.21   810557   4.95   811509   1.88   510907   4.97   980233   12.88
49405528   57803713   36   919777   10.1   350118   1.43   270040   1.93
59871816   57803713   17   919777   10.1   350118   1.43   270040   1.93
74045383   80861409   43   742063   5.96   710789   12.48   644596   1.36   919777   14.34   810557   11.03
59871816   61833853   43   247769   6.26   710789   6.2   290786   13.24   350118   5.79   290786   11.3   411592   12.94
59871816   73932723   66   320934   13.94   348262   12.87   510907   5.47   270040   6.91   120992   5.9   710789   8.09
41334788   15083523   20   543556   11.56   370929   6.5   230184   14.52
49405528   25461562   37   800384   11.3   584115   2.37   349213   9.13   690189   6.44   530367   6.93   320934   4.6
41334788   57803713   22   919777   10.1   350118   1.43   270040   1.93
49405528   28697286   5   980233   14.24   378708   2.67   270040   1.81   453687   8.35   270040   3.72   640279   12.04
77223355   57803713   37   919777   10.1   350118   1.43   270040   1.93
77223355   74861989   28   349213   12.35
41334788   87725049   54   380049   3.29   490454   9.19
59871816   12862077   71   800384   12.45   490454   7.03
49405528   68521386   52   690189   2.02   679768   14.31   543556   5.02   524655   7.48   290786   1.12   247769   4.39
74045383   11282107   5   120992   6.76   290786   2.43
59871816   62460770   7   650611   7.78   370929   7.74   247769   4.68   275448   3.99   250612   6.56
59871816   64644939   52   378708   1.99   980233   9.86   811509   2   514787   2.45   250612   8.96   370929   5.87
41334788   83310207   72   707842   1.97
59871816   81864733   22   250612   14.69
41334788   51278172   15   543556   13.34   348262   10.33
59871816   40730103   71   800384   9.84   811509   4.93   130082   6.29   980233   3.32   453687   6.34   490454   8.13
41334788   68521386   29   690189   2.02   679768   14.31   543556   5.02   524655   7.48   290786   1.12   247769   4.39
41334788   74394370   47   490454   12.76   220562   10.05   230184   14.43   870138   13.33
59871816   85606117   28   524655   7.82   530798   7.6   990354   8.4
41334788   14439382   56   380049   5.78
49405528   89015978   30   270227   2.52   730269   5.06   320934   13.24   584115   4.2
59871816   12503626   58   275448   12.85   810557   11.8   270227   8.11   514787   9.84   810557   14.63   679768   11.73
41334788   72821103   26   543556   9.91   800384   10.5
77223355   71662995   29   710789   5.7   270040   2.75
59871816   46411990   60   380049   7.12   800384   4.99   270227   5.7   270040   2.56   990354   1.19
77223355   29772611   59   247769   2.24
49405528   12097069   15   490454   12.42   644596   6.23   990354   3.02   919777   7.18   230184   10.28   679768   13.09
41334788   82363466   63   810557   13.99
59871816   39435422   11   800384   9.68   320934   0.85   120992   6.22
59871816   95067515   25   220562   11.33   530367   13.25   348262   4.97
41334788   70368340   36   453687   11.55   290786   9.17   220562   14.85   800384   12.96
74045383   45063992   50   690189   12.17   756733   5.6   990354   11.63
77223355   42620846   8   380049   6.11   514787   13.65
41334788   41124284   43   756733   10.13   510063   11.36   543556   13.52   270040   13.98   730269   4.59   453687   2.93
59871816   81296134   73   742063   0.81   510063   5.21
77223355   16347936   62   919777   8.64   640279   3.4   270040   9.25   247769   14.1   510063   6.16
74045383   75274398   7   349213   3.22   275448   5
41334788   58897610   16   380049   11.66   250612   8.93   707842   2.56   690189   3.62   320934   2.02   309313   5.14
59871816   28697286   14   980233   14.24   378708   2.67   270040   1.81   453687   8.35   270040   3.72   640279   12.04
49405528   88275746   18   640279   5.86   543556   5.24   690189   12.02   679768   4.86   290786   8.59   530367   6.65
59871816   56224913   37   990354   14.77
49405528   22143644   32   810557   1.91   250612   1.44   220562   10.11   543556   1.97   290786   1.1
41334788   75307280   50   247769   6.18   756733   4.87   270227   8.26
41334788   12111522   49   250612   2.99
77223355   65918368   24   510907   0.72
59871816   50321239   14   707842   7.3   530798   13.91   742063   2.56   130082   8.23
59871816   63320843   51   690189   9.01
74045383   57364037   39   411592   3.39   710789   2.94   756733   7.71   800384   0.77
41334788   32115202   65   980233   11.41   730269   9.98
74045383   61745267   22   810557   10.21   543556   7.17   690189   2.4
49405528   24312298   39   220562   2.83   707842   12.58   290786   9.45
49405528   69495546   10   679768   5.95   543556   2.73   707842   9.25
41334788   56224913   55   990354   14.77
59871816   78845169   44   120992   14.1   349213   14.58   247769   12.31   530367   10.19
77223355   46284181   53   644596   1.48   524655   8.35   349213   2.54   530798   2.96   530367   12.73
41334788   94351621   31   810557   11.3   690189   14.41   514787   1.54   230184   2.13   270040   1.72   340444   6.22
74045383   68521386   26   690189   2.02   679768   14.31   543556   5.02   524655   7.48   290786   1.12   247769   4.39
59871816   88463100   27   370929   10.85
59871816   70268805   37   270040   2.09   230184   11.61   742063   7.23   378708   6.86   340444   2.93
59871816   65664357   41   980233   0.65   870138   14.93   679768   0.48   640279   7.66
77223355   68521386   24   690189   2.02   679768   14.31   543556   5.02   524655   7.48   290786   1.12   247769   4.39
49405528   80324796   18   524655   11.4   340444   4.8   707842   5.42
77223355   25689316   43   378708   0.37   980233   9.7   411592   11.78   453687   6.03   530367   9.34   690189   11.37
74045383   28697286   16   980233   14.24   378708   2.67   270040   1.81   453687   8.35   270040   3.72   640279   12.04
77223355   21918872   43   378708   8.3   411592   3.02   350118   13.67   230184   7.33   742063   6.25   275448   10
77223355   70368340   71   453687   11.55   290786   9.17   220562   14.85   800384   12.96
77223355   15691569   65   250612   14.17
41334788   20494416   11   380049   8.41   140158   3.65   340444   14.73   800384   8.51   270227   13.79   411592   10.66
41334788   40730103   20   800384   9.84   811509   4.93   130082   6.29   980233   3.32   453687   6.34   490454   8.13
41334788   23862163   19   650611   4.69   524655   14.4   490454   6.3
41334788   81296134   41   742063   0.81   510063   5.21
59871816   31822420   27   490454   11.35   348262   0.45
77223355   32115202   59   980233   11.41   730269   9.98
59871816   24619922   37   514787   14   270040   0.16   530367   1.75   349213   13.75   530367   1.54
49405528   70151923   21   350118   9.14   811509   11.95   690189   6.1
49405528   76471783   22   250612   4.3   530367   4.35   510063   9.77
41334788   82641651   44   370929   14.05   250612   10.22   742063   12.75   350118   8.95   990354   10.47   247769   13.76
59871816   88314411   68   584115   7.47   514787   3.6
41334788   11282107   5   120992   6.76   290786   2.43
77223355   39993857   47   411592   7.5   247769   2.84   510907   2.96   990354   9.29   247769   3.75
59871816   39290027   75   530367   5.46   490454   5.98   510907   7.57   247769   6.17   340444   14.07   453687   10.13
41334788   18864372   39   530798   5.33   679768   11.17
41334788   19055795   66   644596   9.28   140158   1.99   275448   5.79   800384   1.06   510063   7.9
74045383   62090144   49   270040   10.21   514787   11.24   644596   4.7   524655   1.32   510063   9.56   543556   1.46
59871816   80861409   63   742063   5.96   710789   12.48   644596   1.36   919777   14.34   810557   11.03
49405528   40871049   34   220562   7.17
41334788   57781072   44   644596   5.57   810557   3.82   584115   7.57
59871816   94434964   8   370929   6.68   530798   9   543556   7.61   800384   8.94   290786   4.58
77223355   38802337   74   800384   3.43   290786   13.33   919777   10.57   349213   12.33   411592   13.64   514787   10.05
41334788   53881953   25   919777   11.89   707842   6.88
49405528   77414330   13   742063   14.08   756733   14.66   220562   3.82   756733   11.25   990354   12.04   510907   3.21
77223355   25461562   74   800384   11.3   584115   2.37   349213   9.13   690189   6.44   530367   6.93   320934   4.6
41334788   30985360   31   349213   0.75
41334788   47513146   8   348262   8.52   980233   4.55   707842   11.5   514787   13.27   348262   2.75   919777   0.63
49405528   20980117   8   378708   9.39   348262   5.19
41334788   85606117   41   524655   7.82   530798   7.6   990354   8.4
41334788   29772611   50   247769   2.24
77223355   40816428   8   270227   13.24   514787   0.58
77223355   20980117   39   378708   9.39   348262   5.19
59871816   67669398   75   380049   0.23   453687   14.32   650611   14.81   980233   12.14   990354   10.09
77223355   74317865   16   378708   13.65   350118   8.8   707842   14.27   250612   3.53   870138   3.58
77223355   74930374   21   340444   11.68   270040   0.37
49405528   16347936   19   919777   8.64   640279   3.4   270040   9.25   247769   14.1   510063   6.16
74045383   81346064   40   140158   12.57   309313   1.21   349213   1.43
41334788   46284181   53   644596   1.48   524655   8.35   349213   2.54   530798   2.96   530367   12.73
41334788   11236015   63   349213   11.38
49405528   77689871   50   919777   2.33   250612   1.16   247769   9.82   919777   13.18   710789   9.27   130082   10.52
74045383   62979923   47   530798   9.39   811509   4.62   800384   3.82   490454   4.64   411592   7.56
41334788   77753141   59   247769   2.64   370929   10.45   270227   5.63
59871816   81346064   11   140158   12.57   309313   1.21   349213   1.43
49405528   34123560   23   644596   7.95   453687   12.56
74045383   19055795   71   644596   9.28   140158   1.99   275448   5.79   800384   1.06   510063   7.9
41334788   24126102   49   870138   6   275448   13.73   510063   5.75   247769   3.38   309313   9.37   350118   14.88
49405528   19305528   49   690189   1.85   340444   5.67
41334788   61541838   53   380049   8.47   490454   6.9
59871816   95654030   63   990354   9.69   707842   3.58   990354   3.48
49405528   40816428   42   270227   13.24   514787   0.58
77223355   19687930   19   220562   0.84
59871816   41124284   7   756733   10.13   510063   11.36   543556   13.52   270040   13.98   730269   4.59   453687   2.93
77223355   34799137   68   870138   12.57   270227   1.31   247769   12.83
74045383   95067515   70   220562   11.33   530367   13.25   348262   4.97
41334788   17194609   31   130082   14.83   350118   0.11   510907   6.99   490454   2.41   120992   13.08   870138   0.41
41334788   16347936   54   919777   8.64   640279   3.4   270040   9.25   247769   14.1   510063   6.16
59871816   82813208   34   120992   1.69
74045383   12563180   9   980233   10.95   584115   10.48   524655   14.54   514787   9.25   247769   5.86
59871816   65652654   50   756733   11.15   679768   13.49   707842   3.87   247769   8.37
49405528   64644939   12   378708   1.99   980233   9.86   811509   2   514787   2.45   250612   8.96   370929   5.87
49405528   39294590   12   250612   5.36   510063   14.04
41334788   49928654   30   510907   12.98   380049   0.25
59871816   31593549   57   510907   10.09   811509   0.37   510063   7.51
59871816   52175563   72   270040   12.97   490454   0.93   320934   1.14
49405528   81864733   26   250612   14.69
49405528   42121198   24   640279   1.37   690189   13.42
49405528   61564666   7   250612   3.28   370929   1.94
49405528   15025361   17   742063   0.94   810557   14.63   309313   4.34   710789   9.53   707842   12.01   275448   4.43
59871816   12563180   61   980233   10.95   584115   10.48   524655   14.54   514787   9.25   247769   5.86
41334788   21041408   21   349213   6.85   350118   3.66   650611   8.81
59871816   98036560   55   524655   9.08
41334788   70454666   19   250612   9.7
49405528   95654030   52   990354   9.69   707842   3.58   990354   3.48
59871816   74394370   74   490454   12.76   220562   10.05   230184   14.43   870138   13.33
41334788   62122326   12   370929   6.95   380049   14.02   270227   6.42   250612   1.92   490454   13.68
59871816   88246242   44   919777   14.24   247769   4.84   453687   12.36   370929   4.79
49405528   75274398   10   349213   3.22   275448   5
49405528   70268805   29   270040   2.09   230184   11.61   742063   7.23   378708   6.86   340444   2.93
59871816   25902367   44   320934   11.5   919777   4.75   810557   5.11
77223355   86304371   36   349213   6.32   730269   11.8   370929   2.51   524655   3.46   275448   13.39   800384   9.76
49405528   61238188   22   230184   9.75   453687   12.04   320934   8.31   275448   11.29
41334788   24738433   18   350118   6.91   530367   6.16   120992   7.78   800384   3.75   247769   14.04
74045383   21918872   66   378708   8.3   411592   3.02   350118   13.67   230184   7.33   742063   6.25   275448   10
41334788   51735008   61   990354   0.52

